286.5141955410593
122.90188403267815
46.86104226639818
32.140634726774444
29.452529034539857
32.05221224445466
285.68460977917164
27.92022979232621
9.401836531414627
99.6151457898728
52.31280198183892
25.820899586159427
35.525104774287755
33.537500597763135
333.36044550992693
200.5378532861663
231.01497016551815
233.17634101207244
12.563996301777445
49.67216966929883
27.6521875035773
26.65172168069795
143.62777266320893
21.585692674324584
163.88196049923718
170.8696397394038
15.148136786994016
312.8056527183969
125.01808590492578
19.409830786646367
11.638376287277012
252.82236312182516
19.532265945004895
26.75277085731458
30.385863353566712
57.10287976998275
52.18071644810324
46.27305684341823
121.27103840577729
36.69501332527949
126.36924900653412
46.794840593203695
351.61053620296514
57.14646446192629
35.75112334674537
30.09141741637112
20.291418292990613
78.38124384018941
38.231280038197475
103.32317530201988
43.004722198097
78.79634585701446
97.44033227344976
264.32993145922865
25.825251677150096
34.64425515056719
319.4815398961206
15.28960059591554
86.49204019903328
38.10908952838786
45.25301006432956
70.7970888662027
74.26677832589972
82.79408840178209
106.92762141891946
54.64870502550354
62.66250185539817
309.0200910262198
72.34321903701709
59.424246548338296
53.004776270606506
85.17828094241226
554.3800794595863
89.55387180454997
37.915642826348396
191.86210883040923
41.90432213433341
33.30323339073454
24.939264794919474
39.841243547062184
47.0547812136879
135.4955633520369
206.81794173009305
110.16585886295948
111.29879863918882
123.79173615455859
10.751377615074244
43.50290175353524
184.26581613445614
34.268458673436065
98.67105666257122
63.572679229771225
32.07919799708804
104.98286158400121
45.604364312739094
18.214328174570902
85.56315580846197
301.97318113434727
47.20498507106755
75.86886538001633
53.878689478533545
37.29045910091735
15.34130335012027
41.68271072116715
14.302422980596093
26.638657356539234
31.105413594063005
35.04845493496187
32.200910321877444
47.88764758296845
29.464016558929995
22.734441953749343
26.793417595278594
368.4091383336259
335.23658842594483
277.02738990642524
309.6257009535645
53.65494517107605
21.67063102293635
33.63134236007818
58.36874767958816
28.619218624251285
30.06489791120255
51.12957676921078
56.36892496153532
55.734933707865956
76.73692868196117
335.5522448334465
20.038793832054665
57.43567078797774
20.466221112020662
39.55971103873599
30.19952005032649
12.753531874344711
21.166163769407127
60.223875269676086
49.39620981667688
47.43741755288206
18.670029402234444
