253.02624479797663
164.5213879457917
53.08569421165484
40.292134499418786
23.75261763345979
37.12182885935599
286.8879758953716
24.673342293251643
14.722831309067672
33.960892184988786
55.11156416051013
33.57255051681823
21.417225385591305
32.308683308053766
282.1159668301333
219.11811980806036
258.5893794565704
268.86145350325216
23.875359714017936
85.04935127533321
28.87885941536912
47.40567031738207
296.6387051245293
63.93731062443894
313.7571526321867
176.85199507188693
18.60096767950919
108.0508706288316
255.20967970783812
128.28341601886314
20.504596981933773
300.2247987962338
312.8687998687923
56.11181048916129
36.77578523312022
48.08508270830033
50.85725650727712
225.1361146221679
165.81115397425395
58.3255476516595
85.13342053582704
62.12400651860862
287.0986593733102
52.733587352533725
60.81341158085988
23.73070636816394
61.54014274221949
44.496936051008426
309.7517274754724
343.0751037340312
45.903376005713874
81.43981602239643
321.5662180847051
69.87683121618
44.55318818428118
31.64815095039595
323.0393160049248
35.302101993995684
80.37053956289775
52.40708490987519
43.59287379020235
329.16662062038216
69.78623553492916
44.96878571314949
343.9440699860199
96.60305407066056
308.8138686506918
172.65640178139654
71.41912069407722
75.10220646173958
74.39321350065192
88.9550758129841
641.4714071933923
99.90430784144577
83.22723056502171
24.88269616715618
61.8181315857123
41.422269697034224
53.1038120261857
33.1868126696053
22.101447428458066
85.67109855619779
296.26206422838465
101.01035535019214
30.196942768152574
52.31964519876915
24.10080267949435
15.383203096449286
54.38838799839067
59.22033923761183
52.29807345038205
21.426132675226743
36.77665005169929
324.40231419905075
276.83081357161933
35.47229575479227
107.92274202938742
296.63418982232514
31.33930577465391
73.3548276574521
54.188052349717616
42.30529263765698
13.032361688170765
36.02660380567519
18.104058537081997
29.968156950591105
42.73318512443565
53.413862808724666
35.315168213313626
23.63512443412695
37.86810188540915
21.817178335454674
28.452809065555265
288.74749910839967
249.2289335684201
280.3351724023564
261.2731940033907
72.47501444006888
62.386608217319804
23.74890766621798
23.170924605977866
49.777636256634366
34.97249083506667
61.986346724544156
58.98764999120758
103.42064645562817
53.16502576788631
17.828378031004647
19.90752732099399
44.59986696345401
35.777610626973306
37.83469067727427
46.498269722527596
10.244597870235356
19.489220072762258
73.02416886576418
45.85795027859057
33.910860993540176
22.261875717115853
