137.22560818873603
384.5708080702715
22.914609948318194
34.554764673127764
12.237937319607283
40.87183744958227
339.7551163632872
28.028811765591897
29.781796612795333
50.631559902744904
308.91331491698696
48.2398909652908
26.012974037986833
23.916385939280506
255.42857425527268
239.89171730462195
290.02140965635135
241.06345383812078
30.037750043855304
36.3478418771972
66.54906879614009
27.046142737898712
71.69851745857154
30.900376247736034
169.2318959663716
244.81432716965776
17.95059275030781
191.81016377184497
329.1711330168511
32.499491770965115
27.174347303681575
301.81172334512365
189.7803507118413
21.416175856316446
23.79263037058047
50.962337726683685
53.049964046206696
135.1834685396295
363.1361081739034
38.314809018271916
302.9583577019515
42.66303344978204
378.88897596870197
28.940119864564313
28.73910851177877
31.27144244670258
230.40267875703984
32.83690388122669
286.64308246306376
181.99851799657844
56.198316137149654
47.12847194783155
278.5225428833659
212.75781144492416
29.11855155554569
44.36261742751537
67.25898073413805
21.911842885455428
34.19500001004524
26.54645599090678
34.43619090277489
253.80291355478826
74.71954046585729
57.67632559030458
354.3156728871484
77.15815557099248
50.298473695428044
291.31278091510165
79.02610188447332
72.592629763799
76.94892665659873
80.01329824802195
602.3077751874118
84.72490943357406
19.215127245945908
244.28437293296014
29.8551047752711
33.51293254027094
40.50240689672209
32.854702344913115
44.62518577540489
107.70493488810156
280.43202638602804
59.119422344117744
51.19903586404423
25.932912008929986
45.110091605110846
24.65696673728005
42.484522158648346
129.46979444532994
264.5655208063601
114.9198106323204
31.12939052530965
287.97727576520356
245.45030318928073
27.395226863655626
87.86694280520992
397.2686518213148
16.14553872499629
70.92663326165147
53.88264866349398
50.90967755519065
14.236354085815808
17.919721798083774
30.88472020005002
53.85179467498149
46.9557128754892
37.10736960944669
40.26567607216454
19.735052586074918
40.92073855760089
26.283083120106987
84.28952588759896
311.9898139377924
256.2943765802542
319.68181063563657
332.06560786751055
46.73651471418115
19.433792858955556
45.23890710697067
45.79993333171414
24.19044257226682
23.206697678947208
77.53173723988543
80.77832427757066
57.6927268460179
43.43892294230501
52.37766552867445
19.525463424716634
88.09298355594791
26.500788768931425
31.65437449072933
68.34966664009544
11.355136665933959
24.54946409236167
26.268098770978295
72.04842662081654
138.09006936404884
56.3039255155232
