178.3541300727542
221.04853184084297
19.49426216790177
48.325404574859846
25.8796435040168
38.7747471967304
267.05767154027205
25.243614730149005
44.44573050956606
30.65860106390216
58.81731712278352
31.225185124634475
35.34638463280517
27.39518942370742
293.2489345671691
266.02654231376675
246.7117708515314
290.1947810499486
41.32008941339143
28.534294283779115
28.13176125564894
14.089207081622767
248.0656339023455
19.81936028678743
241.7018249323915
345.41456977555515
14.965380277877973
141.59676427086092
130.54394151276526
28.832328696658806
24.123350061711367
37.76358575879715
25.61875142339855
39.10817800609595
35.03683572147
48.6660935384237
39.00490716705079
145.24546766832964
304.8417605913319
25.42009403460718
73.37221075334637
52.80882930275568
436.5175259234517
57.29585200383986
39.59372127345435
30.054668119554982
25.004144930332686
39.106602086100274
35.64711442433537
83.89465490762171
37.58307029843282
113.95310171443235
113.63449049817694
127.93811132486935
47.221609120360434
37.25973263853856
288.2395833235934
22.31887265111789
50.213151512820666
75.40648971252365
36.4217118026436
327.1743022536653
74.89723209420161
73.3247612738599
76.5851351367156
72.7292064307197
67.0294473108616
379.52104638036167
87.28385362264031
61.671484444372695
86.64810292093213
70.90683467685662
437.31335641160405
86.38391268583008
67.65094760026875
283.99686325698656
39.023106941421254
15.154350446295032
50.59144132993012
43.16482827809024
84.5696768788998
127.65411125694641
187.1858045548402
177.83863573269196
122.26190803680267
111.31337581525695
22.883308562088278
31.78557321372556
45.443743879355075
61.459469603685356
78.63413893662178
192.23174146875058
33.634738882886666
109.58887203306435
49.41805368038949
41.512547222545
101.52299559814658
389.70209295297406
24.27282432456145
58.79055613170668
56.25619852776683
48.1544743894638
14.397622143670585
16.831982827816823
32.8324677441163
29.20892682513432
45.52055706481892
57.354873362696644
35.18287556399775
39.14974143481213
15.744957348548729
42.253658980550554
28.9886772210459
300.1914267569582
260.5217741907962
331.2918663139164
354.40252454067104
38.23713882143178
19.850928817812367
18.559456801823206
30.748877075553324
30.221195764300543
18.13146511842825
63.106872690218715
46.14738264809591
73.65678061218294
94.59893562104146
64.50659903811729
61.35478900388579
32.32176352839334
27.089533877231837
47.544776688947266
26.735328949086437
14.38816120942621
33.775425502972006
78.84310257914146
43.87478879470082
32.23246687568689
70.79016639077582
