201.79999582546864
288.15255524078435
27.607005144539563
15.86960185725307
22.370947483301986
35.08867678598498
305.76748932055347
34.15079918966713
55.01591731339224
48.48361566509112
273.9299993816406
35.90374060885361
17.060159417464067
38.59876799840468
209.9855750856332
264.4088762530268
259.0066441725403
297.2533596269236
27.59509922378714
39.703906560931294
292.5672485297172
25.364169030015766
150.40222166619438
20.66801397332562
186.51584599591948
228.7227726810588
11.227710251560815
186.76977999531354
271.93196470899176
27.146823977994565
13.082219503460763
303.18256640116147
64.15685824886997
35.69621684894368
36.67552128285694
42.108624865847716
48.50828926847748
40.560476329804644
281.70876468046004
190.1580736900218
85.49650045383888
49.448339078116234
319.925888621213
57.665959192117526
33.959573447802015
25.287275677150255
319.1118065026569
101.76469724226493
21.894614666440074
195.35968182245088
34.98014247859192
68.479252705501
24.537542682049484
246.84224073467647
28.89641991921297
62.166593407697604
362.66310799965163
37.087209473794466
69.75083886440812
43.81715752309031
42.00589359478785
75.15901396584505
78.16719257144153
74.65028581900087
347.06258415870406
61.10254096398525
54.816989206303326
283.64392374284387
78.12794662713779
63.09483909633794
80.12690346049231
78.58338441002233
613.5928122958401
81.27752884051411
50.53660455246995
277.30620714682624
30.826815391637798
25.677764817652665
50.66277936780677
55.26905288458776
26.75123747888386
73.8008191886234
200.08512870575208
88.63352604454322
56.43329963199817
68.77718573157648
10.136091589409858
40.53410431708827
104.44853307208962
56.37692865004882
310.84386331287
79.48301572352594
17.78373787127653
62.12491279186928
329.8239635132113
30.68467513666788
95.86096417959455
205.79882854639644
28.129418436483817
52.44977743767387
41.81738060972537
51.35194702859568
25.1203434484212
12.308496985065334
17.091091360346148
39.04890496920618
46.923098720152026
48.96025705016245
35.93426575819866
36.595323200189185
17.206288313524666
21.54405030915653
43.19708486792899
295.4604235389374
251.043612978147
198.94412837827113
379.10302857921346
188.04082797940208
21.16170586139629
30.661989611720582
40.95813633416691
42.150073219146456
43.16859084873047
55.716859049910695
57.985172560870865
58.47209770034489
67.70339480863151
321.4402100731586
21.79534634353203
24.794080939470668
21.288198322445975
49.55487651525644
26.602120553719544
12.200952436729805
23.40677142022147
62.056827845434604
39.37947758687271
35.7902423637765
47.73577614743555
