256.7483609017101
164.5213879457917
53.08569421165484
43.072727660493285
25.878112008301724
39.26198805919356
295.79179199489903
33.673193227068865
14.722831309067672
33.41157998729058
256.353824959689
33.57255051681823
21.417225385591305
32.308683308053766
282.1159668301333
258.28762513922965
258.5893794565704
268.86145350325216
23.875359714017936
85.04935127533321
28.87885941536912
47.40567031738207
296.6387051245293
63.93731062443894
35.24403540362334
240.8963895994155
18.60096767950919
353.6535440560483
132.66833450888862
50.653158547494556
20.504596981933773
44.653050958154736
308.2948032303253
41.744901162941716
36.77578523312022
48.08508270830033
37.07694646798969
245.28336062909864
154.71632031407879
63.35784631081552
88.21441566582577
50.19454114548495
280.0073766752933
52.733587352533725
60.81341158085988
23.948122644445014
61.26515547649998
35.462850337118056
298.8501133311815
364.75920140857096
45.903376005713874
81.43981602239643
310.26461955690036
69.87683121618
44.55318818428118
31.64815095039595
326.02531409861416
35.302101993995684
24.253949874712823
67.45765706602457
43.59287379020235
329.16662062038216
90.49240543031377
44.96878571314949
343.9440699860199
56.47072511661398
313.7357961739932
172.65640178139654
101.49630675885967
75.10220646173958
84.3905072019308
91.53164381570173
641.4714071933923
83.18801615307184
103.30226476873254
26.087475985798587
36.00671399194524
23.05675083301145
57.02039032605549
26.536661658412015
54.04950407527938
91.49204136767362
290.4512295620781
101.01035535019214
16.985476272979597
52.31964519876915
26.61077177246194
59.14880561575067
54.38838799839067
59.22033923761183
52.29807345038205
21.426132675226743
36.83387433112606
324.40231419905075
276.83081357161933
35.47229575479227
102.88004866015183
281.405315756291
37.00400023060052
73.3548276574521
43.00540911622883
42.30529263765698
13.032361688170765
33.93498004343799
18.104058537081997
29.968156950591105
42.73318512443565
53.413862808724666
38.53535245509301
23.63512443412695
37.86810188540915
21.817178335454674
28.452809065555265
283.95023304315475
254.72297030258662
358.1117896862161
260.6971879839178
72.47501444006888
18.766478077065855
30.494079024767917
51.398220789706194
49.777636256634366
34.97249083506667
61.986346724544156
58.98764999120758
43.74279325171064
53.351754701529586
26.37820185367234
19.90752732099399
44.59986696345401
35.777610626973306
38.81163075490137
333.911165642928
10.244597870235356
28.646610153746174
52.10023394610578
42.21959093889479
64.90696264976518
22.261875717115853
