185.56315297590632
153.77225940843854
42.858235255483834
18.85713289328053
19.49139724419511
31.98403908056216
128.9817056940371
28.254250785587423
88.41654828679846
34.64761753977612
83.3775673392919
42.79599375097799
29.205070454617736
26.64692317982092
288.36440564900784
266.69342003919246
245.15101130088553
224.04786597632767
24.198371866664687
36.738622695572744
36.664877696070185
43.17382809133669
91.33973747720468
28.792150276246616
99.53447793052057
174.95217488473807
14.088155205781675
36.85645892071227
188.40659767672537
24.484040557227885
18.33444457713042
298.4193878895971
74.58383831788237
28.5083540288153
30.459484077051194
52.05232088754609
46.361413151258894
251.64319161957496
149.1871462076711
57.745921385270606
50.755167032177205
51.3655706820119
89.39847502029623
67.12278222847075
50.61583754888429
26.822401463434844
53.71088134506495
77.83624735453654
285.73211277067566
38.26287419238918
125.52296663433268
49.96074166935205
325.3383175814645
52.716484210237894
65.8521767633263
64.581219214862
148.25667520832843
23.680911397202678
23.590820664282834
49.78905302549558
44.350415762119155
324.7775939133712
72.81412885849404
75.48813433036507
70.37001981443792
106.88812833280312
335.4237735072086
114.00677174436902
85.69948643413083
78.60423229166459
81.98928434972034
91.75388280034122
650.421437160072
83.45379763298432
217.17333695663243
277.12824835845555
29.039251440452386
27.594086536274684
33.32052233954144
46.40287292626343
17.78535437318615
79.95826051845519
242.88622659277422
65.798577492958
46.46986386160494
47.248598481999274
10.840603915512611
46.341561242379846
58.386304048949384
68.88411782802828
61.87724989193451
95.42713231612105
58.31713189455275
103.68547460271043
49.53668426675746
17.212042927043033
98.91679644030192
309.5943972097657
41.062354955289194
61.588924956999826
45.4672725443485
31.61243567961564
19.69151364651483
37.52309761424338
17.36484501415013
59.21600910535841
28.669443478558062
16.48826093747478
30.328745023657152
43.35631937978531
30.5906134008524
25.93706697383661
29.847812271914982
304.88370183543674
260.78773730791494
284.540284637865
365.4537019045387
86.00085226872268
24.373354187926434
26.091825654241244
52.26644402082272
21.96768627958654
27.657656604419294
57.04507757304756
52.972924744125756
51.89749216477385
94.77702271865128
131.2171816932105
28.263877781415676
41.27877368338276
34.79829145038848
47.63638026305653
31.676257017058226
11.50957086814802
28.461317823145485
68.87205567055841
60.53481405754823
24.913037483973547
39.75636022745682
