248.4833945263299
65.64978806481544
11.88300996515295
38.91126639100082
14.620106441688797
33.06204376105491
274.7844217050134
24.62178777761818
31.69478287463456
38.84923886701677
305.3863268802683
26.63917347256873
24.72352256424039
27.449378481456577
317.7354399758001
233.39833438793056
277.36254892643467
198.95496010213148
26.01483002049436
34.74219869050103
33.804786887289566
41.56020692903293
176.60761281324613
17.65969919804837
227.26497572711253
331.858989912341
13.574694180256946
249.26761127641902
256.9070331085592
23.16682875522347
19.631384810757943
305.97364407510344
329.481242198185
19.12639295599578
24.706800450745984
69.11365222311304
216.83593472742712
139.34937627312445
54.96275214420768
48.00168837200464
262.92913475696855
41.23030657592627
250.31452739205304
30.420843359256022
64.4669497892737
30.641373325473403
87.6046024652452
189.74355680971817
293.72819840841026
337.96307640290286
309.77494668835766
226.2762835408988
302.19107790280543
120.41783414038865
58.69762437188206
50.97221000558985
249.0393319464296
19.99502159337558
69.80224368509658
40.58189141285837
31.301452428109855
302.93750566738765
90.59210345238446
128.1226888217057
303.6325310094932
99.56616896048752
125.8327959136161
137.28011695267844
75.14359770474712
58.52171294085228
80.30770495571421
99.88728354302073
642.960668341585
95.80861398097554
169.38975939826167
286.43170558149905
126.31116954510087
26.526414215623873
25.446141863852876
36.08536634434497
23.53957694831191
106.71792525602937
340.04294068363265
115.80934027776017
43.52585895980093
29.958412768652945
23.457322629828635
24.971047335675255
50.82914041065219
44.50123732375902
46.50084590778655
160.49405293851973
27.084812827726722
121.21989298918136
247.37136891714326
18.6103045974086
33.64726729891573
307.86378993244784
26.57791566047494
73.06481627693763
51.20880352406443
38.16666880095893
15.051722312197183
32.433501434086125
18.89990430522445
23.529085122836747
26.117064313100983
21.988800926281602
29.487043500518404
43.08995688224597
31.16215336432158
61.46181035401953
23.901645896541112
108.13757035906475
267.75314515462514
134.28297598429407
275.99750684932656
47.16220832380982
18.7199389165307
29.845740150553947
40.66160179291872
33.91669955140026
27.534625808187496
97.4648757787847
50.63012150419814
58.80120383019984
89.32765764836911
47.043441460721375
28.282102707524192
31.704110329943536
23.442030189496688
53.26478758630499
35.30404932070636
15.00985014553181
22.60918421683484
64.57349737902967
69.42411548902207
45.588158422080504
60.80868958485728
