161.95728510287108
289.1114176242391
27.14213643496564
48.488063997722776
9.049955068908337
40.20278361230134
281.3509645070894
26.89724167227524
49.56752572720927
33.52980100626285
155.03751452383574
34.06288665951141
24.35048289284238
28.851447381251706
297.12877279563617
193.117761958692
242.10945007840522
233.43526542628635
31.536383727546454
47.6271468416213
48.49061999333215
38.8511673625207
149.5277325586853
41.47232479787486
198.75516163075645
181.88251354174776
22.199169592205074
138.52873374630968
98.25086784214679
35.998634231580844
12.083729870022983
285.43133242886387
48.575713677303156
21.861339219030945
40.510702104448875
50.54571465908547
113.48880400930396
162.8273470101386
295.2130321091834
52.097542931317854
106.16217605324624
49.730706780717085
172.13715391515046
54.539408447458534
29.793039319400744
32.35796206692889
24.035903257203046
43.53740751479853
37.41150261797018
211.1102434584719
60.8640574212202
35.75074143130569
79.1439861266379
305.39332351960536
41.86925072828289
30.12959695531676
140.44038603644168
23.42391607497072
30.689857047704596
30.43370214940411
45.1021199826537
276.3847069088622
69.41625552027605
53.92654128037172
69.09109588025315
55.835876003312336
70.40672704364596
233.4664386411165
84.17306998210155
83.22499933813758
76.81006085854428
88.2048979012571
612.779021602629
91.20001578783389
64.70977949752894
309.7744177773759
42.51553649562778
36.567777329760744
31.972628860939867
37.93964572746798
72.43040416886426
122.61978297706266
204.70871911359455
190.38649801609452
137.49947549302098
232.66594953847132
21.158102817169926
19.019722414905846
45.060998839094346
86.11609620057462
74.49503356446142
190.04835006105355
72.09495273508796
66.55797010859402
256.8818240131488
29.20853489481452
79.13555047005238
394.91448204386944
36.358143115027
84.50174046666399
31.35582188723726
29.41928088164348
20.564668490536423
53.086056260818054
19.280855966842076
23.244890936065552
25.227947984177675
25.211134304809427
45.079310707470526
39.28418503843691
31.058103768034535
28.05542313685187
12.236160721438898
280.9348471896869
235.32183476738703
287.05985679132317
325.5881096928753
38.967978225269555
16.453034023012364
17.741975823753723
17.099883727998627
23.094275909705907
13.51499180335553
60.42388215184522
65.11589544422732
60.88306449697679
93.99427144415577
56.67472547000389
18.466732199421582
30.263792893588544
35.932128977311116
55.94923504989915
48.12185191663745
13.593056888396882
21.375136590633513
61.75167899983247
70.57131366574657
12.862407631049084
53.858962269215496
