198.23725658362878
96.63564045275918
22.93898732970406
70.81132630562564
34.83083333586898
16.262768076119972
170.9840914810508
79.79358813378263
31.21521433783586
9.606959183490355
98.10882519125036
20.369133212488897
19.602589583231616
19.013056105023438
92.33057646210194
140.96484181651775
143.18841801561047
174.25199426603174
10.60627875159047
32.365012786509915
10.46933084029412
55.16970765350132
126.29590718272073
86.15769808002254
76.3630282272148
177.35406860462334
8.0457423167537
138.75771307536166
124.16809693068123
21.867472474381184
13.674291286656134
31.25194708223947
152.61088935510804
20.275309335449823
16.273770025516317
26.72244602461476
24.301727164764763
109.58061105851836
40.56196285381411
23.401226752441502
41.25890072750899
24.456262536319233
137.79364759061576
47.865188064850095
34.71300706852614
53.963285281522325
41.70055432734196
49.65585497166735
127.92804675928915
168.82343604348094
17.613235040591203
100.42019825766677
171.11249207365043
112.97685204947678
20.980546341099277
67.36950164411094
341.13543866944207
18.4306890758912
27.765824340703812
71.87836653259988
56.76179487482769
115.06443057314654
83.42555626191375
16.333360336591333
187.4298790459297
68.21559496907444
169.8415693377924
284.0886521194473
30.150931890970746
88.34680138167843
41.898846245595756
83.82200322190272
827.5271963309672
65.289136073547
206.48455023890963
52.64825507418607
21.192293217565187
29.624128494656965
22.274246123327536
21.99671420523233
64.68424782132047
69.43178811568204
139.07510899554055
111.4865392722036
52.658418097540114
108.80123462248298
26.108921090141898
46.59804162114151
35.3586591352909
100.94733475162575
40.25358094206164
44.3336016598044
13.118631189399386
117.9483085309895
394.896032551322
27.340638259445306
60.718923397127085
196.58168592477827
60.41978657144912
23.572014785808253
44.94243621743809
35.42512392442826
9.654957280055756
20.604613900297906
32.26569360318552
10.48484983364785
12.921804147190876
30.236247095197694
55.71351364596616
20.008986329375755
55.65859708228553
25.784020246151425
14.812190524617836
171.5709276278578
102.70046712157183
208.19554796444945
100.1346337539924
22.08956561484372
22.628628225265167
30.962665778542632
18.370966656062876
18.0732564704859
23.06797149824703
38.483352560016215
42.68479548667083
25.85375320702081
40.34473226257233
17.627691721417403
11.589449605608777
23.322987748072308
35.43896421236061
11.948323620739824
119.40044270037923
4.205305805004499
20.025097520736622
76.50362931132575
18.73328625040023
42.68279301223951
29.29553891994622
