360.6796277471347
96.63564045275918
22.93898732970406
66.25533501766301
13.266234975231168
11.671877520682203
138.78761161700223
29.71625852029357
31.21521433783586
30.77577745797153
114.91288668522222
20.369133212488897
19.602589583231616
19.013056105023438
92.33057646210194
230.03370437719687
143.18841801561047
174.25199426603174
10.60627875159047
32.365012786509915
10.46933084029412
55.16970765350132
126.29590718272073
86.15769808002254
107.79497002867257
164.7262516568086
8.0457423167537
274.51057015474254
81.31791726535968
105.28730294581408
13.674291286656134
141.87466489231232
100.10158418790436
38.471569368636736
16.273770025516317
26.72244602461476
39.12548694590073
133.10440214275317
103.7465160294154
33.42920751292484
59.89251701456924
25.30748317424134
227.247445650733
47.865188064850095
34.71300706852614
49.66933361196799
38.96881270818652
28.52409187857445
219.96442463750685
114.48206634339881
17.613235040591203
100.42019825766677
134.89205987844122
112.97685204947678
20.980546341099277
67.36950164411094
439.70879584994617
18.4306890758912
38.285892108699265
21.964822552621698
56.76179487482769
115.06443057314654
31.920680573609165
16.333360336591333
187.4298790459297
67.02492208098919
416.4238727598332
284.0886521194473
45.037800327175255
88.34680138167843
25.879815676183693
134.53826741924726
827.5271963309672
31.942673189502575
169.3280552745598
10.526413112484002
24.033603002149412
62.25709095193524
20.5821694990783
42.603500090620734
19.359901441205963
64.9249147109042
191.19363188822336
111.4865392722036
30.702681646044045
108.80123462248298
27.464139208142917
21.73550830723545
35.3586591352909
100.94733475162575
40.25358094206164
44.3336016598044
12.907345656558697
117.9483085309895
394.896032551322
27.340638259445306
169.42216066246633
182.2666586330011
22.50395826908606
23.572014785808253
18.17556359859867
35.42512392442826
9.654957280055756
33.067255113533534
32.26569360318552
10.48484983364785
12.921804147190876
30.236247095197694
40.5513378427005
20.008986329375755
55.65859708228553
25.784020246151425
14.812190524617836
158.75152682271627
91.75503101304072
130.97872234136946
100.94161087174581
22.08956561484372
33.97698268892304
31.891162787998702
28.95362417999823
18.0732564704859
23.06797149824703
38.483352560016215
42.68479548667083
70.63574774073462
41.38205447483512
22.15966525316884
11.589449605608777
23.322987748072308
35.43896421236061
10.411275725277774
39.27622419637445
4.205305805004499
16.182945422566647
57.23905668481373
29.07666297467917
116.31238282995483
29.29553891994622
