279.774665050466
178.96409920241987
36.6151840937358
19.86239982552218
42.32608722691294
21.625634261771804
146.9701452617991
104.49520656676357
25.528975015982816
114.71133949988128
123.9462450599989
16.245372474376648
12.849027728226348
31.40320853348341
62.507925367149284
121.86280254934161
182.15308181920415
163.11237323944917
22.762334367558122
14.993005564638976
112.80337601159175
20.766528773075002
139.4213651087529
12.817093875434443
135.98412986214768
129.8541701847424
7.617110865041545
127.1850591926219
153.63461226808306
51.15825594591632
13.72156781563474
86.95905377053258
28.716537472938505
13.224510180968709
18.89708369531308
19.26084507216968
23.97349282554569
16.789448201359033
138.88689816495418
143.99648459820668
97.37482722816499
38.254168601114216
167.48187676362917
22.63806096642543
102.36381213029759
9.734069056542856
127.4599998019255
146.31977272291329
15.139010913942407
126.55417207448752
21.935177430744957
49.38001785706234
16.486619006023098
195.68557859465008
36.37952395582321
23.440220210400415
113.33606404873676
34.1359979355497
33.42758510850955
31.85081517740884
20.192077381227392
34.96926763912042
28.830073364544994
52.203063977869135
144.91017103460328
22.78861750698567
22.70773166323547
216.16230369031007
67.58346131143743
24.035507125317558
30.719211357684134
129.31138340286367
833.6830954563277
75.32446648893928
99.71875950896697
147.16918385551855
34.19048205595047
30.76490440663329
24.680237208913944
42.50966984267287
14.635072198113729
60.87587336906285
135.16395112959404
54.79585532364957
64.54693623728598
32.03447703297074
9.614201085137196
14.585025028664495
29.733550626521982
35.54890088064684
108.46738278364248
85.06082793919775
26.91716408027222
27.042587841929148
138.70850106941413
22.061418386266354
86.7339763335028
137.43965675648056
16.26130408927421
22.07056126846717
33.31458285690987
19.715091463070486
30.307130986593823
12.83765342873366
12.888923191823048
45.63187608600212
26.432787072642718
20.537180784005315
66.99746748565578
34.47302924247306
31.3296841136913
43.834757929538625
71.81052284975662
256.4045566795383
100.83777405512643
108.49932499716768
109.0681781163944
94.32288931420146
27.226817075505927
33.79278107420841
22.77907471446277
18.131133583007607
21.25318429494067
38.449019799418565
25.95602815991741
46.67377916903546
90.7793798683177
94.1769286649783
41.69929091299229
14.188169568367524
18.20706023952646
20.91148211796032
17.069875793132514
16.962594659327575
7.8545080236700455
60.52011791693407
50.236463992891856
23.654186834827797
65.29802794948465
