99.71160910957406
106.45071021010017
45.632269590024755
17.63988530659837
4.021009931482596
13.257956921473198
112.03531207861197
32.428513159542184
39.75565909922353
49.86961943172241
131.53163503280322
10.382077001150698
35.89059595812134
31.07151588534318
233.75803487398503
69.8083837883798
229.88698594848748
119.19082206973671
11.746488436227946
39.083314675121294
26.720172633430654
40.26344732432719
60.654593288883596
43.09781011609239
110.85908597231922
85.61127411439963
34.93042235328985
61.26193921647309
24.34508502408525
30.318408087997803
21.314841904524993
81.0904471034087
47.219846213151556
17.630787862756367
19.64640971959533
22.42440486562551
72.62687612659845
76.30188196823933
289.9687024895573
30.291888257800956
70.99821974639157
62.83124274009533
48.43517933295325
24.33741194215032
93.61971573309312
24.98540100133926
22.334609408644273
67.56242596615661
17.36437969804755
207.25213537725378
22.743465331645087
57.7098860815211
59.3504901385314
102.45444734571518
65.48896371237778
20.981610499517778
41.7003343354574
21.14105795554436
10.6593397358171
17.463493749475273
60.222076856021815
300.46816968782235
42.84370805678395
20.284302935391207
29.508045349333706
57.71809009120573
32.83956669637058
217.7994248047821
37.39255309054938
49.30051959425219
26.99927034543155
133.4827797531213
1034.0280884338572
104.65198385138223
102.06527415754593
154.3449472296868
22.673115765181173
40.848645335107186
52.560953323459934
55.17955263396293
27.407230470024825
68.19654210092655
69.32440153008774
104.22864461949432
76.1698432492491
203.00448639227636
13.9891052515764
30.852909013385695
20.21758103918043
25.354353526247987
33.990452346328496
102.40900912712802
33.311537224619364
111.62774475092797
85.7924480674499
10.99846447176246
56.33276735783249
143.08980752045696
49.35329891799706
104.07928304640107
14.958238617061234
28.24440716992323
15.265259583021637
19.175025218849445
13.234199172941688
32.481011660338446
28.798548769598696
14.829750479356102
85.8716370108124
25.90475646866486
26.51088352373901
14.768923715019321
17.382982965239933
124.63190270260297
125.31610430690311
148.39020864402872
110.45799942796013
12.281667982466313
12.12101723590649
44.75562693589104
44.979092961505586
8.774315950326764
22.468436958479774
27.55803075403425
25.036920697392578
53.53611166471109
79.29607711255916
15.781314497240981
17.546176644420996
28.945011556209938
12.904402687216045
28.10248555907956
29.593344683671766
4.752691961458265
7.3859568415033054
46.3372896330546
32.899481899779296
43.5655755743772
27.377317469504767
