58.319762622831085
300.8563101979141
58.704210910783644
33.51239459350557
28.552407893407217
23.15284368121065
131.7253090752554
39.56468268524214
37.75085711797907
38.28283539350926
286.44699739709745
70.52558574711209
15.836875747916135
24.0176774813054
184.1542821943638
316.5227829031757
335.7259674269254
100.07494774765641
34.72599966353343
26.211834112822608
101.7837790517409
40.9401127453636
62.896708095364964
14.299727989490778
98.76643303331439
251.67765123528747
44.50130472430789
253.9141032447397
116.27179416354096
38.82493947743903
12.817073219583916
240.32973159966548
84.22046104323258
14.802576944602897
11.809453325008855
22.36077033189431
56.541602807945424
54.56414442382403
239.7520941465094
12.851601860831039
275.1695220451288
73.01376812819095
120.27805160463011
35.060295607651405
45.237835768065935
39.92382590801405
143.74703108093127
50.74585767467542
125.28501303551397
230.81268114806232
53.33200700191825
23.928678949370823
235.35554712753844
105.77981610599628
24.01741610363538
70.33489166922065
32.38473573713493
39.51860410803626
17.543369199523735
20.16866316294645
45.05310459708654
278.30915238080553
26.944690292445728
22.392076361174272
117.32788470425106
220.32935760163895
121.07713211310016
83.87080869770855
46.468758664571716
63.54478445263532
31.503416801889593
35.78891795876637
1227.6102675838804
73.24939985667727
52.73599217517646
268.6244030889339
63.15017164260921
34.838927873625494
41.16158413277297
59.74227677120283
37.5280115723369
73.1589730717649
201.49165371851373
99.49939437449969
101.17383014447613
41.65392841153652
36.731854999076056
9.557353690692567
20.869100151284485
76.5813134485129
326.3167813611671
94.13071958608042
19.90312980182612
190.58558293924307
445.5076347632943
15.415740669660236
148.27067422862078
162.45596854243928
33.60875747828992
39.683216874569055
39.54861503701763
43.76988656267825
6.687324471973125
22.013527837878875
16.523168063362764
50.291921234392795
19.513255659311532
18.19998476047254
50.2075103869762
15.25438877296287
15.991110787982553
36.487717531424664
104.30375448589326
217.13793157318568
91.63737460651447
135.42181805346348
85.27170709351904
16.882725947194473
30.501010380061896
31.968825514369257
51.52524399426816
17.06225475330122
36.5884389840551
68.96711412074764
38.51036243639608
20.198520954383074
69.93058095946985
20.704150802786554
24.73200307197799
61.57417255350523
24.176412781856246
13.366987308854451
44.42682126136721
3.516825404923406
13.690901584218489
50.26361235634926
34.95961355661284
127.27867706905295
23.218442800735215
