110.84943913819075
131.3138359284648
26.843568704552663
25.960569318734223
31.565286610140348
38.34436421091737
392.8690262184742
55.3133824043981
15.864060321733907
16.808167001073954
52.647788617709836
14.13953749168942
42.47225996125363
23.593583573980062
202.26189884616744
111.4782331082407
122.26084700021296
305.5273351750422
16.51238197313417
36.960821616298624
27.448549018396346
22.27769250553978
263.1795646263224
38.22478116466489
86.91470332862338
270.0546284362712
17.234506211214814
244.99039830109422
39.98458309280022
21.224607749412343
16.09355871220178
69.68723207757904
12.601437720507946
26.002576787306428
12.95299614173374
21.41465314615391
58.31193209409466
73.12192155077551
188.21672661280738
43.6858479187886
25.576877625565952
57.43592641034964
241.74580153177035
39.68078789076715
70.87657522853863
36.36726129723915
69.58935167274399
20.56609497047107
77.45400547739413
71.16593229593926
25.949255888223696
49.09594653087828
138.57545591438176
93.6306600397325
82.12625950910561
51.98701823729633
136.92753325754518
17.148353980598962
22.91993145161196
69.2917910679827
15.724620983867307
114.9033678133853
42.987546894154825
64.34071143538831
27.140291657760564
142.5288310322312
59.953226097498955
113.3324138882606
32.799496918942005
49.56828523053119
31.58761506415443
101.84228066237482
893.877685015416
102.81750759012402
151.79171222635674
178.6402664285736
39.14731575395043
8.67981527636529
26.952361020667535
70.94190184948143
39.31076067257743
54.51881470795721
95.40577830909746
186.2056217510731
48.75829035142338
67.99759040562354
39.86595391226016
37.369535252590815
21.833970611896493
36.06280139082573
43.05764523308395
68.54394461130602
20.37030651326646
79.75300928112802
110.45776844974804
23.375373366302284
157.86033101666013
135.81070930873366
43.549236666096675
33.14856969743854
20.77196158381551
48.230608437768744
18.209571796720756
13.471470138669607
49.28480537384935
39.013198056677034
64.60165700466997
20.044330270046913
42.8363707639309
24.93607182579419
7.357208074974013
78.97736309790824
10.993355597215967
165.25587010824822
103.2694517034783
150.99282819549737
89.28134377162903
12.43306085541567
11.368769370703246
15.443472963641637
57.33371133396867
16.44780047764281
13.126694257062711
46.94296386754957
18.22829652844801
26.58039414553384
69.68302007447852
92.08349705593288
26.992717604048096
41.71085495979176
11.74475996455217
27.376295015224
22.408930994920745
23.93956127258512
16.17333882961581
27.31382374443108
23.26460398260304
28.494042337748922
41.540854650049226
