150.2388062940044
79.09394028239198
13.191177703260973
12.724933886980399
12.155958657653642
10.207898378008393
210.79311857907388
45.8326070542281
33.65156073761368
37.96034539160457
229.49183445849684
46.62766581024372
9.26368447466178
20.371675042983053
168.47812997894755
202.8886349790709
121.07451953185097
154.35574635343553
14.646857021879875
19.048276174292038
18.84470707857539
16.884561826926408
75.33511019302021
39.310347297420144
145.54524980083005
307.63252637584253
11.791136902550711
124.60514416301915
142.02256928262517
24.967911806279666
18.17234715799355
131.24497266518432
104.04637680043533
7.75723543279934
9.76368925185684
28.89077757655224
100.11346811202847
157.82508210209883
68.09681798189
43.45986216542254
291.5104123835473
40.78190643837321
117.36306990265037
11.610746817583513
37.138488655614346
57.06759273295776
89.66457044847978
120.97909575407783
180.18082937822743
112.44807378200804
142.29888647986346
93.0472786091723
134.63919211387108
31.825038372738142
79.47572570810874
46.567000636971486
82.57131133955443
17.147126834218017
51.523057621652654
12.824063456144343
27.378738935062977
131.200090850442
85.74041338419767
56.55844255167285
151.02223194213485
229.61008381600166
50.65808440404605
265.3124795723646
27.895517484364397
49.676952744967366
25.391272953719387
101.24869620943551
1191.5690236622015
32.275274815899856
218.9001215339067
108.80614394078087
54.275251452297525
60.11277595272203
17.83142211345383
75.18145292563669
8.897950726899637
249.08810109168584
167.1355409639152
266.80767302606034
24.46915573219125
87.23074959880931
29.497789875075437
46.743150290958965
23.503560916554292
20.7294021011236
20.57249857322729
109.71959230467729
10.897920906683671
100.83953546818273
335.39649924546126
21.74095290372215
63.21982150471626
177.77801478456047
40.15709989840462
96.76209419410075
20.372491195188665
23.843535297521836
6.596512296638452
12.226636137158621
25.876362805673384
31.590362469943415
14.339502636577931
24.832538562990695
16.31750233241086
31.85977517962117
19.30740208993322
25.713403730240078
35.89568131826935
45.318194631501434
110.15430843501593
97.15475203962195
240.82678109135085
15.016724792279362
27.76416479366269
13.9493889765619
31.530945788881546
32.995048625053194
20.601013930206726
64.22281843025002
42.89265562556937
21.400044979811703
46.63889891599877
19.674061431410067
35.13025903585654
25.136468352152054
7.768721716686506
40.77086719225339
11.015698475993137
7.359766979712677
10.470544668867618
37.688477973653626
54.14253649172249
17.610021100611778
36.25304637765905
