240.53770753798383
174.83078893328653
26.300746003831552
31.72866829482001
22.2646153677736
19.901852090588083
254.67672302527413
21.73337733015594
17.48205534498098
33.53564505981333
38.950743568804505
19.731030288065142
30.32838146492535
15.457410164611568
112.07827576196749
97.48803756975454
177.87459995049784
219.3228215641579
4.701656742096491
23.972021719324086
12.530249246305203
8.548428773825147
170.08655324007447
18.74234861470242
50.86249785095926
70.70478489005882
38.36097670381078
136.76766407962504
46.66842910279334
6.887726703697266
23.27013737141735
131.97695193377575
9.728918886534801
10.440397226802105
17.391983955718167
22.71767550301888
37.295383876510854
38.408836308326634
63.34135830396639
128.56754482204576
125.68544252548615
23.47346812324888
162.6866398647142
19.763969649794433
84.62657610186476
15.478220041833394
72.29829736623925
71.78386252261465
30.666912320222863
37.15077456241261
20.948283650319837
39.18189893994947
116.242670446322
130.65902540356177
20.538898434237975
18.498724740183036
277.772672423835
10.891802021343306
32.8044549514909
35.39204495982834
44.419523577088235
60.778206922851716
82.59969249239832
31.211466227474432
54.40998497921019
22.753042814743672
76.82602780798948
160.31815118862852
28.019094866562735
20.654363732757353
34.594014625987676
139.3836527520276
1008.0701116483226
50.18739805461054
61.93121151440525
78.44783007818205
40.301641998903406
13.92041769680569
19.056801915176504
24.567908189824966
54.12090003161281
140.38594104916575
89.3285213741502
127.8616443518923
50.40588141409739
156.43183746390554
4.336967713901449
41.91819264350435
142.85108577077898
44.35732411481929
95.53026495069763
64.50025927705167
32.52517901150547
46.6563001217547
77.10313227968119
14.675711441550487
71.63531497494895
187.76440393950733
130.66656156460442
38.0417469395155
16.502880210805383
15.192342153291925
25.60066097758729
19.971150770250627
15.153578647192605
7.3431780007159455
21.920962925518584
35.550208993946576
61.50009062603521
20.32257767984806
15.412370067797136
54.440613351501625
31.057679156398393
145.82474164228398
130.18454645376673
171.1118779360623
146.29393572449888
21.962382557864345
22.52910239502246
35.7343049974107
45.38647224290959
14.206557898657486
47.21742310106736
24.819600611784054
29.513498579660563
25.071652988450666
37.11573053397178
209.64483302134215
24.327977574822242
36.875049917362375
6.366531962540796
36.731040243463866
25.192672190942183
4.360644856627083
20.039353699012548
36.214872245045264
41.511268980376244
54.01960848196873
63.05227225762268
