248.49089530911834
229.23007208213997
37.356056308642344
16.243549805642665
6.666470270414263
10.390021741995474
46.74278058029769
76.37071436452669
63.25900326624079
22.857300477592467
58.40700732253315
50.61417097420716
27.273861019013932
11.083441177572823
315.1776740599484
110.20137803388549
121.348146449879
202.83027370855692
10.697470844192663
13.712546591230403
21.38506877487022
23.58155770500301
101.89866588792626
11.116216929960666
76.43150439927736
65.74568862935315
17.460948006401704
15.564686474336229
66.71564999519907
38.4468581515478
13.149088566286318
127.51349063937293
92.27489813403436
25.052089037992246
41.05798863312707
24.55708495931564
33.52511173600847
153.29403331958184
52.921995566560724
26.587206612197356
22.12612734543683
28.331040366861043
146.00819583583836
29.12603131939374
56.6285009173944
55.8632753532527
19.249759540272418
48.113661681207766
101.49802090968676
96.02530635189633
80.01962935608819
46.50937784829349
126.20867368232709
13.686042809017405
35.44956963831768
19.820850399977612
196.45087139310215
35.31557692513589
19.40166553416988
14.598672524904897
55.181054953914725
114.87369377547171
36.157847031559655
30.93196093238699
54.18572948622154
44.8980877057983
155.09177966241938
90.20593894286576
39.8329866662117
42.62323891129258
31.478121914278116
89.33697373661103
962.7129260895603
62.44189822886656
192.49666774276258
196.17165988551108
12.482603066945398
25.463257070988064
44.80668607750309
25.210023996770914
43.81274491839095
67.257366044898
115.34609275540151
33.9214176636082
40.621235215284216
31.76778167421869
16.84293747343761
39.32961686507582
20.494374191608838
16.953308343940847
14.783801311339076
68.39197139185137
47.36862922820211
37.24658035814331
24.989673538213463
21.094434665367707
137.7867900474428
132.04839216382362
80.15225797177837
23.92023111058341
29.42491123583148
30.511445538364534
19.747657977082905
22.918935420766346
14.089624834059947
43.19765046663768
40.06878865376684
46.11751802523503
19.372065971900593
40.665340290906315
37.83150818345306
38.00533169418244
26.303192069768137
253.0890967163986
104.62371606385952
134.77159948585893
128.0138314727451
31.553843837332373
25.940442167287983
13.18299987348486
32.90676250733526
20.039170546315948
25.488765868767764
20.69023377254337
42.190860501514166
44.309964582096896
64.2582471379995
88.96287942366745
27.26045166840204
22.45058550667561
31.014653236020965
17.14865393250477
32.965325256227985
15.064530030002505
15.191823145730929
66.32831245726246
38.97163383635289
44.266676075129084
40.504964887139394
