183.26620999170106
318.51632863515283
13.667420338723407
31.575469992153984
42.27682017532045
41.20470377316985
260.9465135432921
32.39658005522807
24.626276627336228
26.295315721925366
256.72337476164483
29.382928323707823
33.63981551409563
14.464442394670577
308.1882207265439
283.1128416963437
350.1386227728974
263.2510943427509
22.678812646498795
49.45073110401445
26.489871588981483
32.25565532943902
25.07004926021633
14.65121402605407
326.06485376090575
273.9337616778628
16.08949475709133
30.882027502234134
40.930105922759914
20.320190350272387
23.943490399734717
239.94134167134968
150.63735743276283
19.388946008231713
40.46146739250527
54.30147624529696
57.8663531247545
327.71580097474396
306.04601068376536
69.32924274189477
220.3984240892806
53.7808713002519
353.05303840172866
25.433045109870683
28.034022766280486
25.158891789391816
66.28742157021766
55.601777723546064
306.6483272287407
321.16964515283365
44.85567761660365
67.95183797584244
245.51844083505452
296.134555313552
41.07595674805865
312.8767823311986
362.09087852344675
20.974390768498147
59.661997344877506
344.0609563541508
32.337380548608365
298.9463924898743
63.947842500144134
78.91977087335324
254.35828065368028
76.95050809319886
51.37473171513519
141.8094794392576
70.19429380968668
278.81886631406695
55.41305086085908
81.12209483725677
643.6128671953414
87.96214514213467
301.7003987980229
22.37711615085245
22.04399455676941
28.402642088652374
33.12458357684416
49.34516311351485
10.39195053113032
174.25996883320994
232.3760313780903
86.25100897431626
25.02171416035386
329.49166671993027
22.43979397451645
60.50248476341255
322.29954161146384
35.9600227201982
46.99872821584498
18.844392132580303
26.780824316096417
316.1149719252179
276.53577115674204
16.66420758362713
60.426912569725
339.73315941885346
29.60808517089647
66.63522200305427
51.06935744728229
39.050271564306165
22.194412837378042
27.844168674036297
16.03582006016037
252.96616796534562
39.18137326791188
39.56568865691288
37.62615662747769
30.781380777953036
24.18870429069157
15.576445151972212
51.34421032794725
320.6759225088498
61.785251975143325
187.18997429938582
327.5515133024531
300.7330338978329
24.088429416161805
330.76343423037684
40.740022542949255
43.10114779860895
366.9269256115792
47.12558165699991
75.00740496015395
77.45578098820897
54.10049033955508
300.7768774930412
38.11540678051173
128.20873971600662
23.80138034484761
42.19224886684282
35.35088897351981
16.73328471941155
38.51299013469906
59.78749482452354
35.65259214674202
281.92443638007325
253.83015453706707
