291.6824121893795
316.221694182198
26.955966165522174
42.88747840954889
23.211970257130567
40.38316519501556
305.67204052547237
26.00896319582223
49.605414765418715
21.15648157454655
315.4580090982216
31.165204243749837
37.74235501425617
29.49312901915439
237.9809859662761
225.85221845266665
193.2958830934855
258.3428435460065
22.21749479749606
17.38420671334284
18.926447217014495
19.390223376902522
25.162578274860714
13.194589116343119
25.277305372208943
14.354342161888617
17.19135640613246
24.41576834193635
249.7037015141821
28.581357885036102
36.08339281057277
244.06244823676687
273.2803439902393
33.372355609800984
32.64179892255243
43.92879356560026
39.7176116343865
101.62321928258788
368.9428689350489
27.93499960776974
83.28035176543351
36.61382101643633
247.18835459625865
29.98811867832082
54.01784539939297
16.91186914266938
76.28774817449094
80.40861436346293
167.34955700521184
337.68060072307526
63.53467059479396
158.82647658912882
300.2001391867645
114.30409810979806
42.097114030721556
50.23145483704211
358.12211625989687
14.671270819022848
62.712021036048675
32.926944933209406
29.98122519833228
331.6795020901669
83.78467821591569
88.42465296355535
77.0212780991698
90.54002252692597
112.4878924250697
308.82772483473724
77.52001238680845
81.71343453021171
62.81314703525816
88.883816558373
620.2923843351991
292.6393028226863
52.75862492109677
26.391733915862645
23.545025728981678
22.27593570749954
34.667203646447085
46.78323351445825
41.22687057846474
17.938206626724277
197.9748641030359
75.31420820530265
170.64765703094434
23.075646574455124
17.861978940988486
25.75559720766792
126.99953201588279
61.482579186659194
118.55500775256894
30.30209396851548
33.93767098451748
323.47005609571903
291.96338266508036
45.879994448537374
40.25226311612348
376.477306247815
36.328676429458824
55.42073716505449
33.669958333837606
34.433916057974585
14.542448885720267
22.455046912766292
20.786457557259368
31.74552179088468
40.938012651640335
22.205043895248913
103.81691204618322
34.3065188997809
19.900887387885074
25.72217429257383
39.575026577589476
393.4107043533332
43.62538658427501
299.6397308890906
65.27341636240142
45.60318920809787
16.077187676635333
22.63491279670992
46.539303142260266
43.092842794995434
36.990247707145784
88.8080928517918
65.80781736256982
79.58432819138241
47.330552920549614
18.282235086640007
20.74430111750629
29.73214214946215
30.238257047945922
46.16358822829349
33.46278452961633
23.21814014579628
27.993252111569397
65.97521950917438
55.46342543938616
11.10945902675989
29.414655698676356
