271.39354412335496
302.7055584512258
24.768176894929052
34.56416543234732
248.76997056003756
40.306166774688585
58.971716037868156
19.734192750984576
59.573787919677606
21.911853166524264
324.5025574732039
40.683553345923556
33.933330405781206
32.24762535712162
286.7967563598619
312.9348389813475
261.83625235724554
273.7371994308414
33.12336569766106
60.05115210471282
47.4942611450373
37.61756535650843
27.946612815387656
46.164391705564206
325.20471900157236
224.34453991013584
15.135603603033719
249.73982671927325
50.84636799711388
30.19262841790107
15.865091949274627
246.14001865022166
303.5642798413793
20.30121176155559
19.113718861548065
52.87712612286807
233.90123167592228
96.2344705933286
349.477249618117
51.89899498360147
108.09090611559553
24.076128370390002
341.38733543736873
130.7677128589952
51.295155236781596
32.88809483356369
298.625923319783
43.254723661551616
281.0531129063354
317.98099018641443
40.35174712999234
301.9065027826764
287.6193034428999
197.6292111233473
27.584972737043902
320.26059427168406
366.65758584903045
22.463595895988966
52.45783016038806
119.70124672841142
27.66069709518904
366.29680776912454
72.5866967453189
324.9704439756457
274.47880214826176
313.5223504696432
60.128313984664445
371.4521152555451
345.20838672857974
291.2814318627366
72.06044881902912
83.4178330866375
613.2298455988164
385.18451315027124
245.16415990291512
275.0757506490366
90.18733301309518
21.97506270070407
37.16436394875425
65.72624786922931
34.50230314916108
182.43366024911398
143.5207332112217
36.545723860925335
22.254951747896836
298.3740601317951
12.804754847586512
41.904395328669146
414.53081189150447
39.400454927923434
86.22224277830524
165.58247711466956
23.369385657984857
39.499369025242984
241.8517123465628
291.7422782431901
29.366413526714357
273.6356460824726
54.89663294844035
77.85382426810578
235.18936267228796
57.419001942608084
13.092076064443303
39.67247631636058
19.621540819723762
367.0287079939781
55.61622019570407
18.381200920375694
195.21130326410602
28.513831363755244
43.23746400165584
23.701677090973867
61.876468317323415
465.0192373964863
31.44546269492186
127.49626327623132
250.60125223643217
237.26096187793345
12.545620428083453
27.512853993143157
38.536694732157876
34.0176399385816
192.99657476712832
41.45264211826372
69.46747725849411
67.49876000414183
68.67631962026174
376.0022577691553
28.89711564976783
114.9900100892284
27.71137157330063
124.103808395373
73.8625861377064
15.107281935960811
48.08813181846574
90.66350797119466
43.421929840701424
332.199099906346
115.38441788433914
