288.34502985721036
316.98115166522825
21.39868842157224
32.27182320561089
32.08600067747481
39.37390337290695
269.44133533289164
23.842128659059068
27.94356553794676
42.80111714539828
258.1190035210314
26.053558320814293
32.39731431322147
32.36691822162926
262.11313314869506
228.48609842393893
281.04040738304843
232.84124714865536
22.19554946188129
26.246235665621725
27.645100339747327
24.28543795532
80.15214918903324
29.398310338623297
24.690634353789708
75.69782394423189
16.849738607995725
26.169515707317906
57.190104954648625
26.30997135074895
29.404064572165883
258.3495604287982
194.1224862495167
23.24110284112206
39.47078517760439
48.96963502855629
111.72628911636644
116.09298287367379
362.0662070324409
38.591678580282185
64.90224032142098
45.52340341796152
266.6381933292963
63.89364771509132
34.16199312033847
35.45345429154849
28.975070976098863
39.54065471993618
161.23609575252397
337.65634142124685
61.17614931375441
163.06338454399423
94.28575566974854
266.7901375559264
34.008624724915514
273.925093724832
290.26933709278615
21.432932171999767
50.971164722085824
46.50902854713252
44.714785572235904
70.75993061613607
84.92855736502024
75.86541662135576
271.78665697365847
362.03404698212285
50.2381689425926
116.94802577396258
71.173136638231
263.60339356716577
65.3131816376595
75.96675340392596
661.4702122475676
86.31267564831164
51.77269556382706
33.3553066853868
48.875683891332905
33.728068248894594
32.08315343167763
49.759999119063934
15.328516639621403
17.44106600129715
109.24766157768137
85.60596148639966
11.257874053292152
46.88298332678728
25.269166006285985
92.02753638129742
73.60220304733599
57.31419564040783
348.08741274427086
44.13969782571309
19.051391182759804
290.77316983591004
210.31781478875186
28.767564800904196
67.2937267714622
300.8471787448504
21.585974163931382
46.26372839824462
43.46646661560076
48.95388528002335
16.472137608697608
23.98111636836592
22.47203021412296
29.542546201811234
48.93591179542813
28.480214663530802
32.667328910687374
27.12089157779346
15.441889442943179
214.8198632217679
84.84766030141223
310.47041711835146
402.6041562139235
347.4424207550418
302.98847157716165
48.44900516938936
10.463379248504397
10.059306043067668
36.44812345542858
55.14050339977072
11.027199118233886
69.96165022659389
80.75226684964437
67.60046054331272
53.95104837798168
17.659129910215906
32.072482270338796
121.61404185910393
26.596742618444686
76.81675922266373
30.32951451836
9.622636815576133
49.148960258057826
69.17434224633863
60.164797639283606
235.94261675827505
318.0138825953997
