297.5849640412622
348.1104632456869
8.39342465295393
42.07943441991704
22.375858894684942
46.07807537636583
276.1742058199434
19.094823667708805
42.31532519452561
21.864933706477093
316.1253486760438
40.0670156963278
22.851778516912923
20.034405069389646
294.06177446687497
247.95896148812352
279.5292474211763
274.7957119622991
30.393620391536633
49.96909523475936
17.596959478583752
31.23764896698322
40.37498390634982
27.093857274289856
33.24216376206334
249.35024769130314
11.786815610839277
27.796585031712265
264.5213697152539
36.194064257205454
9.427646745720889
295.5051348362606
217.08877472201797
21.788739265904898
34.27268994635243
47.459223493987736
49.08254003201381
72.22468226208964
363.66662366618874
20.10631656901439
84.19814908646309
42.829776635588
334.33401411705296
35.89329703486811
89.55083896002314
25.711150938489446
54.36446383301636
51.784993694984784
38.91576146703676
334.5338572699143
43.88331698631651
73.50162295974947
89.43542492026815
288.22210676991307
70.16782623331142
58.57953245121752
202.77505144844383
46.59143865727116
25.187265349015256
83.30410392702466
291.27321260847225
186.13854091616395
289.7060058847975
323.59996745170946
108.60797885362463
317.4653484465332
77.5546043050267
144.80358740812943
73.680831170424
274.83556777339663
61.07584371855433
64.82887801191725
647.856426999731
80.59337276424147
81.69748121669832
55.97406149827067
28.255333440923085
27.056514626339943
32.46946359019128
50.40795890133987
25.144639588336464
19.374652343953358
253.15230580307954
110.31798278019843
16.61830479551541
44.140092605364785
17.388424089530204
49.47316457259473
285.40071111139156
137.9686276770487
321.2830046917211
29.54976554694366
22.820799972489276
323.36276462906085
332.6024913017801
31.510092694707286
139.25932360773066
339.1129964823878
23.00236650122335
92.97005211899013
44.9024686757045
31.774697531666472
17.658571171018565
28.69121621722596
20.34487718867657
28.533674228272854
36.538747521879905
30.29464205892421
22.41529254143916
30.48144296443553
27.02510902709767
129.67612249320598
222.58167000930163
376.0271116805425
376.34723586018697
346.3592788087927
405.58359070299673
37.31565939395864
13.901457980296598
25.09007535865086
26.425553857749502
23.947808770717806
19.579748639025894
72.63478228212297
70.88628856484378
51.165858168989836
50.467117936337104
25.90522245433229
50.006568820860636
57.66541071626594
29.806600773750556
148.1489936102629
28.67397638664551
26.9265212306746
35.62055358236947
43.90206385445006
42.575857798462415
30.308141169552638
203.60238599876405
