440.1211146827109
72.76066311116793
15.01193023882036
46.098131404313094
31.299899942045347
26.619305214322374
273.6811418119515
25.644686118485126
17.871715423216074
19.029884817799203
351.1017140569671
44.56273006353864
29.80096818488968
21.402862323395016
306.32496465007966
270.248872671129
237.57803370204294
308.6188746687938
26.01619818734815
44.38958714021246
13.92031680996663
21.52767096608033
83.79791061016434
59.306237260645986
35.40315521593968
173.43472865672717
17.490679744916456
58.214327262309496
393.95403685231764
30.66200669042201
54.982438162889494
356.6414601847089
44.94817591254681
29.177357690169465
37.97283966928728
46.91039153335183
52.18993894622161
155.47038159936923
377.53919262815134
297.2774545860389
235.2190788292086
66.49788344086136
330.6393427327699
248.62902754709046
55.48277836828294
30.37480094831687
94.95359051608618
71.76329802794044
271.90214620845194
334.8822655054633
248.41458568366917
155.13714469003486
237.23769866714005
283.86750275424095
38.13819275901399
292.38620578680303
283.56303396123394
364.5371926141359
47.68751813321974
304.6633667834298
353.4553883614931
209.03362834393707
57.80422044776636
322.9608484371499
329.72176262867015
317.2963896904343
85.70113790131177
403.96915752065286
155.60831976349883
270.66159034343616
277.25350852040253
78.03549718084722
730.6843349721346
366.3599591450887
46.05050440495143
68.39026058686505
74.10827603926161
19.903317108307636
26.278705862307266
27.424335241287395
16.242932164177628
183.6527618040747
239.32380747621548
42.07785301320204
77.58474972370895
170.38446048979122
44.31414857987374
21.976564291442145
326.8341201043374
348.9529515426758
350.0887130430502
42.272822845200224
37.723538243545924
307.2455349859751
306.43401969257417
23.772996926510395
139.53629908414877
373.6077431020333
109.91728837586668
69.64605302365233
16.90621419581094
45.22352289208475
17.195458867927773
18.84851734118229
24.833799702487845
25.964549810315642
40.15750414714229
37.145225355035656
19.625474802381714
21.441377245313124
118.16823335889082
294.1865479366209
144.32563298470347
322.35430061903764
405.01980722559136
112.5844698164724
164.18016950314683
47.453063829507784
22.007123554111246
22.70038784025312
20.009774452083956
30.556721580622835
27.51180075815209
46.09740759509225
63.010247859429604
75.78904857635877
46.642640759472414
25.3202343960922
335.91940647901146
116.56122925600773
35.87082249800492
294.4283080211226
37.89707612053741
16.002683082078878
38.831246217084654
253.8414473137738
39.16533578014133
258.67798591627883
199.80096909063639
