227.88307696449274
86.85062466061184
9.790056139186879
50.652474280241094
50.849207879761636
41.8201730069976
281.38132333341053
34.63202263769024
13.90195748317291
80.28805063205563
255.3191849324555
267.93845811193205
23.790033367906876
24.434683364121724
311.7376561188607
245.02794120822986
279.651886750523
288.36184233336996
26.410524918930477
71.05234683149347
22.164228692563203
24.087046561358623
187.14465101056885
225.55528713542375
254.7757142794424
145.8796498570215
24.42751131030492
270.425477844957
385.1211371201763
25.51441207725893
13.743800944452534
292.620726210739
390.1599510272798
25.3567204152276
29.119813709757757
41.6415780967901
279.55308099148044
257.34798608605007
265.80863738173053
137.7383065894432
208.26899543055222
332.82443107053354
406.9694884138116
35.268271320471904
26.6237870030315
33.39974804441655
374.1083456077311
91.9204837898515
286.2695279799114
404.23898985126056
110.2274995941899
203.7308824331537
290.6393221053466
317.3379150309152
24.545220857514522
288.6176704768892
194.06827588522134
63.22808646896769
38.509225361544416
399.6662072367719
121.1174781726651
213.0468575560167
276.6755024218077
323.383765660334
192.074687107518
322.2948199802815
163.75352971659262
157.4839338060127
75.16582522619461
305.7278899740365
75.49034972835598
79.76069036361017
609.5950551134578
352.197561476402
61.197034941319465
253.3148804710057
30.86342195860943
37.155972294718495
26.655417075232037
66.27846418377639
25.406159011995722
156.21534373196496
258.3213256879067
93.84513056534415
182.8756882600828
92.54451792472472
56.776313843454204
15.884129133642128
383.95332878914934
97.08300902672072
331.5069491959216
238.1270011694108
41.35758216781102
264.3112867157287
277.96560191299363
26.308149817060915
101.65009416335847
307.21267726652394
14.266452666327918
81.50100556059701
84.36304882880714
44.0412037130343
17.53749847231628
35.43696219813323
10.273464304544111
34.01714439197783
42.02637120014826
29.51954803944712
23.3758328445717
25.705832647101484
25.876205541091824
207.60898626897568
351.6130380437907
434.7626593336098
40.49940408450448
279.2493964128225
419.2953353294373
42.89113784367672
15.719533814602263
21.476026929740915
29.114236447359225
33.24353395394218
23.47004683123452
62.36650066043961
67.71827548356286
62.27188673931617
54.99165240834539
24.0307044759604
29.793810786632093
118.87399924555692
30.374008886043054
339.1735353836336
48.09246366664188
11.654877127835466
32.811503830719275
48.34981480761251
17.461388217244018
187.3886556551007
297.9635424927086
