294.7067136391627
106.32902617632439
50.16469468216369
37.88404152997496
41.83962043186086
53.2369096272317
53.36538751757965
22.014078523715146
45.2616666986501
20.097467750015753
256.56018009317256
64.27101027718327
36.926363082700654
21.054078048692205
327.43071803454546
194.5078353391055
295.0443735349439
263.3772376528608
33.52229398544586
34.75999985545596
39.538704464173634
21.393275800191432
165.2060343840863
60.158976479309466
357.5509875821923
315.845946439509
19.519199960717874
39.998105286539456
253.33816336251314
31.969213443066504
21.661494803682363
58.13545077370378
206.35435837263694
38.91430189838221
33.831403393962965
41.30053975619051
44.877010512674566
135.66751913323802
341.1527941170826
69.9785725711358
339.605721852727
51.22651148458749
353.5624822382931
79.54218681405081
286.53001411251915
32.424328356328736
158.36227850552083
82.18268732313912
293.01131462037506
306.56832490906896
101.51291442891902
379.8855542730475
307.6656396017054
127.04326961639691
36.944644391201436
409.3130749821248
387.11450808015235
25.58208924372982
42.01886652406834
259.01386416649603
43.83011929117803
76.18901122636743
70.30551688221043
59.37441455958687
272.7492883741953
82.21430988379974
135.78172919994068
211.88802420926757
88.18333614812386
281.4765042659216
83.0718208490836
87.69775130775822
516.1258377341322
83.94841894268961
312.1361115415688
197.61739456236637
35.5964559555421
34.67962116124643
33.18648601068536
43.87156767842175
40.11090931162373
167.88553670419404
222.4402395559153
226.52748186670723
72.72695113233264
298.52712038891326
67.41900660703814
72.43817843917996
328.79724005857344
97.70581264734618
365.4266078805201
52.54074172717058
20.67617520835713
328.5326968632918
187.54340116488467
17.29730162153628
252.5613747523913
304.6501434165182
57.7802857170464
249.5466500715662
22.430725023800857
66.60415856127491
15.212725816945222
45.15496525335418
14.804802531529278
339.3381199859664
36.618086116554906
46.80083754220679
55.96427511237739
31.604695358394896
28.01548105957744
31.900920776161616
20.274324675764
393.6776817105335
75.78095091217004
219.9960065434441
274.3313763229258
392.8628507398153
21.338517801391127
15.875682572827264
37.83825269727159
29.132840818736028
379.9997484243814
59.20942827979808
62.256228469206995
55.60945923689541
56.98777157803728
322.9637516447206
31.147521920346996
30.305456886561903
45.298526323402065
45.19693943484622
41.77050884011225
10.745028928913083
53.88109561912249
80.24013663882025
44.51889593368373
353.5632305297322
312.5337819628948
