281.05631390484325
83.17061159856507
23.59817968145047
26.466159421931362
55.72722721458867
96.50395374535839
274.79870017023325
57.985456288242
21.536825090151833
9.17384689535793
365.2204100952231
35.927835961151075
44.77432914438593
26.757848165112748
274.7396588124558
292.382643398793
282.4284360721763
303.28875003382063
38.193831160883256
30.10955111739422
33.03235516456637
59.01860775021446
228.60771834113234
49.88397490443453
214.79091773151916
199.6282293113918
25.4957906063946
230.46369251527076
280.86152812459477
39.70452647726337
51.01924877822721
292.75201867347835
190.17500953980036
22.34354244161418
22.034446577751094
47.915530766244615
115.61347775589608
134.16439725958253
305.5158270970271
37.199242329073755
71.17186265912784
57.842858477741686
401.2778578205954
39.66351184070729
41.61869059233807
32.18964830689518
402.41535611082077
175.9228209833337
93.61921134743922
340.85797009524
168.51235267627973
199.54238559147555
154.64369589444115
301.87457373962707
34.64431961608473
390.67374880920175
310.9257976988016
15.10629989766458
81.48929327114031
254.16516407005497
48.94678590965794
218.03037914008945
150.79025000854406
323.66447360906346
349.7232577415845
317.9053808488964
146.49484342270625
423.57187742226455
97.81747886225276
64.04051536836224
68.63316784539612
83.64776325095598
660.5183865037972
79.67834825184376
20.60438865544079
294.411149660988
40.69791758049167
18.034898243171316
23.73529412655242
33.76500646646771
46.839831407392175
265.0110855587757
255.36202996306577
287.6467329196955
55.56614524687989
35.55029198600471
13.499317385497159
172.75990180724793
174.83176066825897
67.4525051558033
294.24257045646135
254.60359246855168
17.449814083988898
310.68963421399826
329.7255589776293
33.769461126891805
176.95193024072333
296.2997083759755
44.95567139834746
45.455744045256246
71.49349449464137
52.14876418206471
14.415003967850451
33.78250731534296
8.873612420428628
41.93477336899982
57.90538296042115
46.55220631479107
300.66309344763596
38.71290404578697
26.373679400110902
28.5685671304031
34.1993061853258
249.81773374037977
51.53827170085122
274.9521372913493
310.11051291622147
109.04343079768067
23.017486584595993
41.28562331692587
44.48412219822327
36.6396777052625
25.283547612968412
77.13101854634574
44.320051385546925
58.912345371921454
86.04852124103161
22.199336995429764
39.306728803341144
97.54198357806018
30.319177690487614
269.79132924615647
30.000712603787065
28.533218190066975
24.293469505679965
77.28594360669369
68.71949474356582
312.82476392177364
205.12972136805854
