165.13475990876393
306.8350290200381
46.357762612216426
32.97091454300277
51.10663551335195
39.10959439064944
57.278202037174616
20.841854489649982
44.04090830133053
29.964339002301013
291.6410713037161
40.24624372195529
29.980415622585955
20.663407607031587
286.7832723614801
292.46001785487397
263.5753402451908
66.00423996035768
26.459964611366388
60.46447153493409
213.48044828403658
49.36353944541104
58.3048267481712
64.67921895116382
328.39183396534446
298.62665426720696
12.644472388985518
292.4430759565106
42.25525525122964
36.31427192860382
45.64296178591372
278.27167256880574
276.39565429060633
22.601991344203455
30.35334797444546
55.33176805473629
266.4665895716422
192.13465175636836
312.6319586644859
256.01962705925496
112.9305331018887
99.35483014633043
374.291741420014
75.0326679964613
59.40751313869762
17.94226283889404
321.57851245039586
43.397511870717025
282.2213133992564
322.637876146904
32.22334442549337
318.1153822390038
310.07118145532615
265.6713719439104
26.966403052835346
292.05283659622836
346.2466508591062
27.514916040656054
78.66300979239556
68.59229788466992
34.65670493633501
282.56563968071475
66.16848279591932
377.1088874685819
272.0501260919083
308.78230649109867
56.516443770356325
289.07606454345137
77.08874653148817
251.07419489190448
75.66240673174343
93.65682051251608
626.4690308222919
85.94419416223157
218.2163220217162
249.08788161371828
58.866603942209686
21.385802834786308
29.371138646641327
23.908828210631075
16.87635642151021
194.97793488896855
162.88825891535814
66.73918509971253
23.6954299266871
255.25220720339203
15.116943025343724
34.09946904972766
302.73955977924004
89.46102320701185
111.07888484169257
24.241314108061164
33.02508445042119
250.97319757102247
237.85821987194532
23.18480099533518
80.97183241951124
273.4982820729264
49.69598661923345
44.915544681698236
148.8589494671086
31.705883170803173
14.079425083368267
21.085279413956528
21.22723856106991
369.8234425788449
111.75387841425909
32.84453889619156
254.81665218472645
36.878770719999196
31.194371708801256
33.54156266220098
26.899064946808267
340.3347432629135
44.07652660997478
151.13653253653467
318.3504582157631
226.91673488501968
15.6181100902937
18.909791031704795
29.867810538503726
16.225813254191973
256.0079554072732
47.74711046931684
51.595632961170516
69.82643233184186
90.90185649465059
280.6622585110579
28.81230804837777
57.11309086118454
24.305775946313176
282.5449335502328
46.12891826077093
31.83235301681696
24.796393592877298
44.33330771907384
74.83668083842555
292.9746340162064
63.5761295589732
