297.1999712207616
39.770543326790175
25.957875892703797
34.91241021077776
45.66400673109699
41.33876691432383
286.804020991257
27.126189514421828
17.89880935857026
39.913157940846204
273.7551664816998
31.152636197542485
27.901826091290175
20.19950797251664
290.0647451184459
262.89043687064475
243.05976275919213
314.85116149046166
48.29663077600771
57.86163684108948
51.97437913168601
31.073475630714395
23.774017458609958
39.01780467739204
42.707169342977465
132.03942920004638
14.035002682110902
23.187254716307947
259.2118611342656
26.322446899449435
15.3248491211479
290.08908349305204
197.39436224652638
27.908722602274857
41.38963280159284
73.00933207818485
32.99879638044876
129.4565192625504
322.29246497403693
23.90072900737982
349.9128403960835
43.49883306939712
325.9571087903528
54.72016531287273
289.9411606794195
34.28737690684972
26.98029880502026
60.49679494518141
277.68942006322885
183.58111028405753
32.899879218854984
139.81449182475572
316.1946274941288
64.43325930166169
40.37644368496125
38.904310192190565
245.25873008879168
17.6727650958966
42.338544646422264
34.84319276939455
44.40630191000642
304.3484076924859
76.99152823500985
101.88554030698978
69.68002736367053
129.5385496146009
72.6067998400927
163.1752329857889
72.32190720050865
78.1486325082259
68.30003650094648
95.3929729036896
605.1190335640789
80.09297148087938
27.441730918759937
251.7000729656335
21.477400731189004
31.928152950371075
45.10248745533671
26.475045083717774
33.283880000523354
32.44285558867847
107.4300853620739
89.23993236665349
29.465542057255817
41.20991007675619
17.918946674250975
30.580306248658694
115.20655528950456
55.302428392832724
306.63577423121274
226.15070938161378
41.851825837245556
323.7045527728242
313.72201014116484
36.05095723886336
66.09943485331517
340.3027354042243
47.27920347612294
61.3979570425181
46.53930892220087
32.39272267677156
15.197853427010267
31.27539631633453
54.2305545620271
50.06693953637367
30.57956486827594
25.4177891474785
24.503321816585466
25.996433444864817
22.89771530122823
216.86102669697152
45.532441723656994
366.0670974728382
399.6637026792143
96.26193352947101
295.642223736705
52.62365143106304
15.758730097540235
11.949525874629561
38.125908472663774
60.68481873010333
25.627115376070915
50.21485643666521
59.987560795621924
56.8053244378403
53.35271654087486
29.95682969836343
29.96334944507249
34.866898427096785
37.47674485599567
171.40213494486622
38.72520051098525
22.286222265005847
44.905668080019645
129.68388897775327
31.313151784524482
94.99932992888033
31.522321316023422
