295.4834599594023
43.79541783423301
16.17405219241061
131.52859099605922
84.03107215651542
39.51451953721364
51.20352299062998
74.0955576456565
64.20183449275851
245.04600838404806
249.9497276360953
336.9099343557703
35.99547009639681
17.637869587630178
291.38646618842273
170.90917707937658
258.3876436298363
305.581573176887
23.160070385411455
23.62215381541337
29.996506505632677
114.40080199586023
65.50251835304182
63.66460247766142
338.3583825322681
279.49995370862996
22.429536444506113
45.56597273992042
81.58575188252446
145.41804002389046
36.08957892011845
245.7538781965667
281.14689258734745
34.39497114137967
80.03102328612266
38.40032215665761
49.288183599176485
249.38515642709928
79.26208659428642
52.61824465937464
273.0545216794244
71.00981810667388
261.22900042563634
83.5782640553561
189.2609457863038
286.0253772562106
295.79061940068755
125.94569850600143
227.25344960978296
359.1108135484209
67.87499299839217
76.29108846257549
252.82323993535118
256.8993206997384
106.61714685014388
224.12825120024246
328.50280754347654
29.622770261624193
76.68583035884564
59.857935788895816
47.110710611344096
285.00471248251887
84.25460036387454
332.133819728286
306.8308741108884
318.1251521739053
277.9846612271075
119.14737293623443
67.77677819011372
334.8118715870689
52.44365977059769
299.5881353640113
683.8947665646886
320.3404645642764
243.5094800186763
33.240663110989324
30.225694313441373
49.944894941282705
58.01217795868746
30.317748033742173
24.321253569191697
297.5623571834436
30.232663593175452
70.71286975624078
289.3288119163949
301.9327305217718
36.88212590736772
38.12390351720372
305.95543019696277
254.28462238626486
330.03539706774455
327.6414738252578
45.70466764230581
338.00374141690344
212.3426122012047
32.56951939044014
234.28500199177037
293.4169163913069
175.99665205551406
154.41779856375942
290.9522587349815
105.91485659642028
15.419639276287802
91.3585974273202
98.3456676775764
369.5039268814958
189.52709008104833
18.867030308080476
288.6743842994445
67.76587826993271
70.78444329138097
31.49057927049695
60.78628589903821
200.93334553224102
57.87739752661295
150.88122815438325
264.0305934457942
219.0234005325423
42.841969598184
23.311052018847846
60.33085601286857
90.55604798811684
194.98888613919746
114.48139409217221
49.56631567441052
61.54043684986572
38.66070826543499
371.9053717923388
226.11465443104618
115.94661979586067
328.7416715503047
287.97401665782127
32.23214929371649
13.257526801689224
97.09474097159517
75.63508879065068
109.28789669071178
413.3753001756527
248.24102237294707
