202.3928673927058
267.18503559026027
39.201519395040876
57.19542049421303
17.43095398702099
17.76176579629086
54.62235649788117
79.08159588285865
18.287786878549852
6.034179797101506
148.4004985952521
67.88478154176438
13.744822544189901
20.82403394048327
107.82810971285713
175.4579516904792
156.2024988481262
277.6976780148399
13.719299717481293
16.881706569270335
14.424269036874579
8.824961530558875
112.72977268938416
77.97913838311435
225.05689628605745
143.87157818801438
17.04856464401254
72.33356034618691
171.00077632501896
19.385033798721075
15.2052769521358
52.85427575494095
87.80978915615691
23.408341959701733
15.829814061153758
17.46453479354623
35.09476430730318
178.63906320377274
199.74252402732503
21.438447353747915
153.7383909760038
37.351801778323
131.94353832473305
103.63928957102641
127.8969885619891
49.17366495465225
92.48612375716824
28.065142437063027
134.15232862290995
269.73854718192104
76.93065235005986
376.42090717205144
106.91645113836798
124.41377998137956
70.07965550876277
287.7352859667212
126.46742086721312
31.68305722292534
15.259705630526847
197.12652144238254
15.228412152812716
119.59815692001413
27.964200539408903
61.41919458486307
103.54492795552342
113.24154118451801
130.29556074602888
155.22561608894856
26.25366615999057
136.30910716066282
26.665095158335443
31.72189783583828
972.1399850635597
77.08377353700845
246.23896611399778
126.30558947799936
72.74538868078143
36.118604121887586
16.5492147164372
33.187411106636205
18.049236711988037
130.1437541749467
159.20173474067863
96.93807531076615
140.69328558261407
111.67040514898729
62.60198257549726
31.238164614691446
296.1462830974816
55.160105591831076
219.25654980467098
21.685898683703968
21.19074209140515
138.71467253868886
72.37945785191616
21.062041158125805
257.9003756052619
245.20174805282923
16.39424670834102
174.49895143198881
17.041488612267965
40.233331591624584
14.371881059156633
16.802435278186667
56.04399568157011
187.75047653725704
11.150616712468825
47.26821695246321
39.8979019796227
23.45613121427734
46.21732929138318
15.965815939807536
16.82617890571253
111.37347116730372
102.40041444316775
142.18693923898326
102.71939777004715
189.07169021905412
24.001653763915087
35.09843404903545
45.93388673700578
11.567871657822748
249.44724605060546
72.10415709461351
60.41484810079462
18.581458548400658
53.35367919176734
198.193607342046
10.975012729572596
15.761670869995848
58.29319990383132
11.537241440421019
35.93404827304219
24.435544105610187
33.94008116921428
64.78671300135426
46.81011912545931
232.54416900758238
135.36178449505442
