238.32699481414048
860.3051895424954
25.73086354211613
11.977993892108586
10.984052120703645
32.53885769047079
185.72724576998772
27.399299372534934
101.55486858251365
27.066517360446433
139.21087660994618
34.11948267905909
61.76050194148089
18.00267110654845
219.5339889002319
127.1520090834177
137.78343715679125
108.4718440070648
19.270661510232234
33.999989941493396
50.52902816842213
19.07064496179675
71.66984236296959
16.714072624151324
11.420819411825478
33.335342576185056
26.260672423017553
26.993983814553953
30.43559942129846
27.13273869899559
28.29014880915706
179.34221372185203
189.47433089176332
29.293493330582184
18.860480337439324
19.423664610693542
54.05893960450315
80.29703840909359
131.61023658631672
64.05365497722502
66.29192273629954
69.56875277696899
286.6768932975672
21.927067454797168
69.94854829184777
17.00603473133322
18.879172656473468
21.435954065015327
69.03895230565799
115.36261183500956
81.48565813043338
92.97703447700923
164.01224210079604
228.49061731505884
48.54166842504501
119.6866002990249
92.38319916553884
42.143666233168965
28.29350383978017
54.072784106286676
21.476271886703316
77.92337631999892
28.782099923819636
110.24814407980486
167.00338862017824
143.93953404037623
72.85410288001366
161.99947192927687
21.07957599653894
136.78781708393745
55.62043216053848
116.08360764301196
911.0571090332348
54.691132288534305
47.04200592624186
90.30012820464083
19.845389157566146
60.2240737075198
12.787061063158381
38.2295107215085
38.74573179961111
10.75495792071067
140.16715737221273
78.7376926641638
12.8958802498593
22.221200933393277
9.138433703227742
75.81117265485953
84.75593621668692
20.971080063267504
137.43637186139077
55.48616811333659
25.92598729993152
162.5943881643768
146.8945259744671
42.852749072723526
50.92123716259573
282.88997241836887
30.624563587448232
27.618923624273545
24.554553026509897
41.27503305207805
17.39316084330606
11.20695487949367
52.71767926461828
41.70154037305759
20.951685015832407
9.764044342000787
11.95553645958047
14.500474716550867
13.974509793431348
87.24428583805114
88.12086111381667
221.13458635364103
216.83994694946435
122.49349645460953
102.27865914511871
28.320038955024987
13.00956323329029
4.147126418416067
21.799965761377955
24.955789406935462
5.032084145878092
63.56783773699077
73.84521577834886
29.40211978050857
17.570567814233392
23.50742930483541
73.56806902571181
51.73997680706769
10.679063163931753
55.13366972372324
11.774866411162332
25.099202983266633
18.92467006209362
51.419315883764064
63.079938567900896
107.82802174059499
146.51408433638494
