104.77593044683884
105.80274535051163
75.75884623977429
10.92589131473712
68.66770112398743
33.302427168228114
204.14696249606368
22.127427680521567
25.891357463819535
27.42889693325551
178.5758605342398
12.249702242792118
26.632754799675407
5.902964365182979
256.2043543187235
139.69118416987592
233.4461920974806
168.24487518076538
8.278075853205538
35.479097658646396
35.88651081009521
30.042658034186083
15.108212834608754
9.113545022973339
197.0177305706462
237.8155123241662
14.86419795490686
33.020468328324036
22.86617522488848
7.12559605275483
17.87476690428781
183.08515001232044
87.13658042979478
26.137903174728176
15.033554144230548
21.096928904439736
47.94497820074371
266.201330251753
144.56843494117473
46.61026283977593
377.43452552028543
44.4294522567132
107.5331011345306
12.662785252531704
31.692657565162815
9.68809801896624
40.20097466732124
79.96966423278492
177.92897266906357
158.7478984557408
30.334850775368675
39.3671149929432
225.9246887175309
110.1993314125033
26.822721833542793
185.04471297732493
109.65385481224651
13.961315929503506
60.150985305886
128.3518967568501
33.882944906975496
211.11356185919905
34.56896760411254
157.66819432721212
118.90026009393085
63.683357594662
21.22708501584359
218.9196543023458
19.89015091969005
109.46643510659288
40.54057861560933
127.38432769992238
1371.2835569183865
42.87540678141056
111.82086792960591
12.67678069648081
19.095319389480647
24.81912081555654
43.71979530484393
51.35051718386448
18.501851611869203
140.3729004526253
82.92189692568483
64.84027224457796
61.52810589685683
204.7489926129303
8.577151663467038
23.773334572278845
252.96396031145628
19.532922990223703
18.215879937050552
30.20018348766694
50.02871720924007
103.99794958701591
284.90719537303806
6.193218683898602
75.06934581345166
94.93771930906452
58.43754532587902
44.592499801235334
19.62684341036357
25.85632985737785
23.061579299573346
64.0933735209204
37.30518494887125
120.63080328317157
36.707886599744036
55.42180976056386
15.500672686894498
31.00593757686881
38.34505333490388
5.5124585570570925
87.95570058082441
289.5583482626785
21.769691213505837
235.7596250513819
131.67936688273616
146.7436568745685
16.417787748364653
118.41259194357895
21.12035896646014
30.23480709955395
362.83358617037385
42.61673210795756
38.772802138730036
33.139985050475495
17.29427422383533
121.86188661368355
45.17956836793221
49.385673245813656
18.65002526286702
13.135888539112369
44.71653222291471
33.08962972006311
21.893328231134774
42.67581935022083
48.5961597793544
109.32003825034417
197.84006427588
