442.239239209167
580.7949881247422
11.05556319042634
49.897531996720794
42.08816043726567
6.67849536786271
129.33118455789003
51.33256289711803
11.31176347808969
17.02948939086652
251.0995847583047
38.43470707423465
21.58689466256911
12.799292650375783
97.4562615537354
160.1197652372618
219.95635009762782
114.24267001498261
12.474268609492151
19.393356448320716
17.434120966123693
8.501604419960923
70.00101519576074
74.7124628248039
32.238099535156614
80.82653773036095
17.468951471821487
40.74392002416962
223.97477988529047
30.133647996075712
19.623289059700525
196.16590457601177
33.83792404000667
11.5327367426497
18.517386189469764
18.167797448293992
69.92654856869903
95.12284547276161
113.91235590196011
157.30647925384056
588.55783605942
73.38719023771655
261.0094756392467
283.4929612384029
52.470881606916684
13.986812465752578
149.20982256221498
39.688900807567094
108.36544027732705
122.82171730505907
210.49957461137046
168.9495327305333
76.20397151749637
180.75977962862208
23.768882887061075
204.1769272988084
202.11800263019416
218.24117605426966
17.232945261915205
234.25943540139096
117.22960015499157
353.35257583533195
39.1376702777707
124.10398108407547
139.81992054511372
112.71115135554878
33.59900364791727
112.65683952164423
127.20492805996257
100.39128399721697
132.37662053252055
122.1675910862619
923.609487830053
108.63127809604823
43.36033561918135
93.82239226260566
40.90893544971743
12.623076418705235
30.961049034822594
47.09512401389803
45.55811007272452
117.06344409284226
175.57461917124445
32.79518247656568
91.50098558997936
124.81261482066965
54.69172185384425
17.474086706048123
87.93968813921985
215.98684880798143
104.33873905845155
56.85689264058347
49.251139375183925
132.0358856169361
178.7025364618444
15.528178867841083
187.9588394564725
130.03863683081548
114.64516779463474
26.19418508383199
15.6436826949866
39.97946716573297
6.94649418494569
19.52159331411722
57.93583143112947
35.98437347619877
44.4512475357417
39.03977529527908
25.33567497398609
21.753588605868984
59.80898152190529
132.61069760713806
79.89959424441587
250.39686361354447
213.3343223071159
74.70936163424139
163.65856370196127
28.582024372129954
7.665449186431234
43.25212163381566
25.67322577826798
40.87782257425707
13.143065710848191
22.699812320638753
38.42517080348761
44.456565479179396
50.90161647930934
38.2240098203639
146.3526378494202
120.87660684418809
13.688132592786602
163.3006492688674
43.02110010168349
8.436195640030629
15.615711471562483
217.75629224670806
16.84238285224604
167.50883325594884
124.19168166252963
