173.68381533314331
806.0146614469473
34.51684130514608
45.17014160851929
59.092413037040195
71.18014795749001
144.18986897064883
64.26802757716557
51.36975093771069
29.016796479022634
268.1431756681607
21.216893875764672
41.048638192470094
32.63782288319449
296.96643069231374
158.5875996987162
147.03841047067536
192.35599868210363
33.55148828277372
18.153013505016542
12.548176918903492
21.08777871718138
265.987635639632
28.513742034791736
178.0217397757606
149.53607047561985
10.498447268096808
163.29108073288486
113.49688933275269
115.9830209367268
19.752488463854657
168.2952220999816
148.7608190731083
12.935169743622822
10.474986547319752
26.003764980109374
49.36227512890948
73.28890783332018
139.7600166346526
45.8974410546343
82.34264843305527
50.952979474262584
172.0621550136528
14.728604737816287
14.562986181440559
27.079149336807692
226.52820788308856
78.25068857869033
146.3908235821918
109.88517592536125
77.55797941975442
253.58652861659345
168.00727845918001
175.140651520928
52.152337838677646
125.84677259305504
108.58071018380177
17.693533647935357
39.67617490514913
129.12537097923266
38.60873076783036
105.43202460914564
148.03378654423256
221.62851411745177
114.46215483042344
168.14299792219686
81.88590199253213
153.55548888281334
50.034980831705035
45.53015452730984
30.508726756322854
50.416868421469836
930.990381556795
25.07252279985044
58.92228335434055
174.34505090002162
54.513380291409845
11.579295322977744
9.936786284295197
40.339017641175445
48.02168305463497
237.38879074565514
197.31714013623505
400.9715553417116
119.27836992358652
36.694742167857484
13.036022958322041
187.0928334972576
71.2991943138284
30.725781231139443
296.32013782344524
254.42902427071104
7.10832797966833
99.30582287442094
136.18862795978677
37.53026586445889
278.23971646236504
231.28677598203979
21.754348001675194
49.7456324983832
52.477312707794894
34.39705395946547
5.7872518989287896
38.901480895710435
12.031965498726883
67.1002830447471
25.342183627473364
40.79218829370226
167.4685985164587
33.6854781303407
31.15230238424789
49.8134021205461
16.836300138138636
399.13843916819394
47.71505860132874
141.9186225306081
181.98290315349928
31.892035883932856
36.19917316424698
88.45603821399946
18.948011494737326
51.72477659928706
23.078371408802155
46.36504205009386
24.62603493619006
28.13971590598644
28.557509567839677
28.76331598044056
40.40595853051698
250.53734967793488
13.251866245377864
238.01845229128736
18.584594943452696
10.20663428583791
15.344985741564148
55.983835554551106
76.62540288137237
164.6529714326364
267.03436292665384
