217.16237385611223
169.97441115537538
36.51016837043829
21.277902069549032
90.4334363899683
26.432975455630167
214.07544749353303
94.42779321970805
25.556931072026
44.66980579542633
205.39659809050008
233.51961622862302
9.033715731110549
9.598564069583533
93.99277416793949
290.3681228469687
175.43657275303
161.91230387304802
9.87438066298804
26.94157126988812
38.24483682004312
23.993627845736373
91.1876432871944
87.58264379295282
144.82966297763525
73.9805862095261
19.637627724962858
137.58938332145718
169.52555730570157
23.041701151504327
7.424411574645275
148.66140194554188
152.08623301946753
9.773841673475143
19.216317848111995
16.652320910740656
185.62910382812728
121.82901795760654
264.71430954727106
62.58908720838263
671.3473852195884
124.01188860940746
211.35505686889815
15.102618014441964
48.147980143007885
33.94710041097642
194.20117883613844
32.33512650766841
103.40618208287395
328.2549159646293
102.60652186424987
109.31333867780003
268.16564393329827
135.64021592054686
7.450718545672307
93.32663129721665
137.00659526803523
32.25026756227192
27.327274786404466
161.86137250139396
131.07943908844695
168.8822698914742
163.30172871829862
191.505284337896
211.28957063657606
186.8235174095814
101.23845492001163
269.5315192812028
24.324608484925573
123.64774192185577
25.53842977389976
128.67165742205836
1152.2194970934868
126.85961692140506
101.94004610710714
120.64325885332629
15.471832986735327
36.248894260979505
15.079158288994757
42.5741268917962
43.086606976402415
103.98738725512145
110.820595171308
93.07682808624328
134.30396892637657
88.84796594846709
108.39195408371731
24.00200828379796
124.36760664443666
79.6806155622653
160.75564723871238
116.55897312236978
22.931713567368075
316.52778355005245
93.42502920561807
19.281959746903436
48.1963163695038
288.27650076932827
5.1115319488019235
107.0000550593133
32.39239799465832
25.222131492065024
9.80997776252879
24.198977867834262
26.909182378815153
9.757193238699163
13.621066169126332
14.432545562820813
14.030377621777262
28.965615157742768
28.712686552336923
78.05237662356446
151.33856355480256
138.61048431349528
17.747611305508695
100.98850891294933
148.5967978991244
21.49572669208334
7.566382141000141
65.70220550688296
14.412923803971609
16.467984156884523
30.906749689065222
39.47304388647614
26.325302743744572
45.76716478906936
112.61111847409002
42.23390431733068
49.58099712022284
103.53989077015457
8.777536073299903
108.54353009792749
33.91596803506274
3.5327600124630707
12.261157502756355
41.64095013127982
23.134021523676587
134.12040970191896
125.70754524720572
