143.9884343048774
131.51623663502363
80.46757782379703
13.646952408433323
62.52174647509306
55.58589121174708
76.4588757350937
20.05562405135594
22.316545986018657
41.65553635699438
130.30637062206205
47.06867766874449
15.323110017032722
8.732863297756378
322.01291060257427
173.13227832533488
130.77701698948636
70.92138759893794
10.691499404952422
40.39765376317025
145.10493665539877
37.24699284875885
48.8385743396836
81.04333043489828
147.9312107483456
90.93488945973068
21.460138416538197
84.50485706338107
13.630285191904354
30.154103256892792
20.526126451946272
111.8443498946251
144.1307653220033
18.016605532866045
19.120497032455425
22.080172830744594
257.9785595634358
117.76896582840249
136.18856760056084
157.09156505091755
146.59662350408865
127.57618294950527
146.90292460865672
145.6859022288365
76.10105940110743
7.149999036168508
116.75341499084222
107.64310456003982
102.09609319867366
193.482506591942
58.16859885469481
356.4952598481662
176.08245448063602
284.32184144262595
32.66058279611708
87.23796879109273
146.41152720705728
54.32774364303052
56.33201534534857
19.74367726974486
17.360799617723114
166.89180260229722
45.69427050354527
217.20854295682935
158.25859644373008
122.47316486094977
56.734430961351194
182.53645978650275
42.62626666482386
239.8639404148422
31.54359769996308
185.58750671370635
867.4265733380141
36.09257682507362
119.84452253677487
175.3698059257495
59.569800827436296
15.774533128852708
35.075282800531056
16.505889548347376
40.24591935372747
115.49752077210668
80.58507125409996
37.10000759955977
40.16337308382701
112.68954424236584
20.30524583835984
21.173825569867116
123.90174564733975
177.98092344453784
45.72329864039542
31.673978118020475
35.966846593066
166.1731486667877
187.20179485572163
33.08635368247681
230.72513666333057
269.9125903402338
41.82215238491361
39.83427945000089
52.459076500097154
26.054692738359595
7.537281375953716
7.271675636866661
49.13274815611439
112.7262652088964
91.33424211068326
19.196785063643105
269.8295809432623
22.731066274932765
27.662022945362647
22.28587400524737
13.921266208460816
248.2310042920536
24.19249687046371
39.78332910436495
136.8273256535503
113.68770447484276
7.227993067447101
50.006944177228085
10.785737071174387
8.719849705186066
422.3259425190806
20.45387389581113
22.897368510145473
54.39706173134754
144.46490538850455
205.41305622703467
75.99398641561424
27.323960147182934
30.276775779815146
99.65522625279077
60.201519420099345
31.60940951126403
25.3345188407614
26.890401861285856
73.76303836770069
217.24026786424497
49.710207696337505
