200.30218580983205
305.7969421482778
14.335608824896658
15.18181720875731
38.58029647460904
36.635519037207814
186.68870544166583
47.43867215293163
31.385111197165944
27.179571057322285
137.478906098146
28.869348016713303
12.142903427794563
19.30608193003401
142.96635361776575
118.89634156174365
200.55376264732672
160.39083264888782
31.66180686364765
33.338201077388575
20.285565864830954
9.759496679600806
63.2494418227982
14.26946453640574
48.73763363786504
98.6776734303627
27.71285492954403
15.944477220807611
94.38085415687824
27.93407467844329
7.877500773022134
174.7936663962463
248.1492982601279
18.90505742127669
16.364984132038284
18.592282372048878
19.714038357879975
111.9608937482637
135.65585930128773
37.10740170792037
47.16126237163279
20.88030582451706
255.17738158922802
28.16938950636857
119.41048565225833
37.41868361201154
19.43722621563615
19.404234331381602
127.07062625769107
126.46554180164927
27.169248670766677
42.82293790169582
246.61165157761633
169.84599132154577
135.0710402896809
97.97330671798466
60.539295816060495
22.476167227493516
14.175648747493522
64.29785265023915
152.41742828874018
190.24035337625813
116.60622822697687
156.80296221746886
74.79607029867519
180.14976212310106
45.881648563139194
223.10689356134358
31.925666542535858
95.65670285261295
41.735626971656515
85.08670835744645
1138.0124697169874
79.15734399700595
42.25205800212464
112.48576788622854
16.930532624723686
36.108415180107514
35.98863186218665
24.07076855735943
24.59742494273631
18.158886403158665
124.92596860033868
106.84849240268682
81.79821301485744
96.3505386263868
6.375926361017808
129.00499039261683
317.65218859541767
49.56169164133565
220.8963551517844
53.796359659172715
31.67901182098581
146.6952006818352
150.40124819540895
15.335166889938847
164.62069427246453
114.81356019196146
25.56792550722105
56.59204953087591
22.688734280331627
17.911226455464472
16.19027606133484
16.725223578097193
39.52415757319381
18.159656299882517
22.632484603872598
22.14155862429764
8.928738552471291
23.90920212530148
10.652999050330582
159.35658533276884
160.1618890747595
167.6645695621134
166.51344908435726
111.6212988542026
138.23272970993202
11.62292664996524
20.28410061625213
26.662682417412658
25.902323416051605
13.539817066634852
12.958583498864542
29.35680160320808
26.496655400966343
32.122419157425945
18.41173357361703
42.422396298951654
35.62422054871479
62.248749263146
14.355198484463987
34.84206358539997
36.44122938368944
34.67825205341927
14.960356152546858
44.57577585164344
43.851136175910014
14.586299599352238
231.66669202479358
