239.5202344830434
176.6929901745715
15.898445888771036
67.05780864500564
58.551076261744946
34.25900905300326
41.58992311814257
59.57195991700111
30.28089938412683
112.25471883275561
469.8375745581878
167.8231127066087
19.216459491437554
26.756315557698098
220.394943347295
438.68191359512645
193.35521611021548
156.43480881552944
10.085020206346895
48.04826103853115
17.49558310692046
91.51672503628812
39.723440924609555
87.63951358504032
179.3016239226616
147.38720511890767
27.50322390982204
16.740713814929453
128.16843228054896
55.56936286860824
47.557987010376195
125.54271281760664
136.66733774356493
30.159610675569482
38.049193530554845
29.28371624145643
54.90607075101666
70.0285247333587
210.98983368740727
45.5212133979362
92.3064709992621
29.427451961297763
317.82772428908584
117.84381071830532
190.61760193786876
236.06934013624158
125.73709744040622
75.19172863931149
184.87741261915647
189.45872255876264
34.32549472479862
197.15527960055675
224.55062023916844
378.1570887405358
33.43970951772996
137.9568790606903
288.2756034605527
26.242658625674895
27.709291033861508
38.826014276208966
98.86629238030889
99.5837747122228
49.488336946128555
333.04311731458046
110.85656227003547
163.96688427612517
285.1010250999209
82.88108276759897
32.36008312550421
123.43204336308077
52.20649662276234
248.64312464427317
689.3910529989342
94.80749492041754
288.14631149600007
21.430584449123245
55.81303840469721
57.101804388306306
50.08942583291469
13.97931643855406
23.185652893994938
255.77385041974944
82.10161009674783
71.91546660928776
120.8571754938381
101.67597440937756
59.55894272757869
17.882739665720596
216.81109917137852
346.43222624364324
170.48281958696072
269.6538105761045
42.48734624077358
107.73580140631296
265.2013263136934
15.700693743904143
349.49686642319915
120.86502679079105
141.9025041360592
193.80680616744303
90.42044694518803
139.3371501383506
11.172390418010327
111.52735458594438
162.4768390816881
453.01914297377994
62.338320609458016
10.387353354057419
303.9779409188206
56.70285342538265
35.76431604470733
43.69876675444782
80.58554878789525
125.74696148744025
52.03759463271413
52.55979393638013
149.2155932134682
113.72215038384357
53.43499592433742
17.939194940382087
99.4044539649036
53.95342306554902
471.180565155877
115.91974740024968
19.123494973381927
64.01763392959953
15.044294333465325
354.9986275548837
182.16450287072897
116.00433798286979
129.20446621915028
114.73318050659871
34.64439167924889
13.017775095947275
156.0541926823258
68.1726446631987
65.61220960812415
360.35453808247917
323.00381042845396
