270.3402433214528
141.99367677332668
38.03949512822946
16.612600585470712
216.17904507831227
13.921886193872329
51.45726337616303
14.97982486929899
53.324485404291515
32.927996315725046
105.81494823544669
24.54894416188601
12.475454285777941
22.14330621682451
296.8487975405076
145.12823706204108
182.83804398752298
205.83218840558246
17.42050358019125
30.684566632296224
24.014056130120565
16.16793021882976
13.837525529455379
25.504541397251757
198.04376698289036
174.17466274643618
11.943597060163267
91.58156898259084
49.25851108642712
37.82956453368647
5.7185390389127235
206.15240927133047
127.55664952899825
26.22288673138215
13.238046082283887
24.819780464971984
120.09000555464763
223.44314233287983
162.43400590209816
68.30510475796862
91.9300042670611
48.471252910258215
154.6306125406202
63.105703979278765
104.4835313396834
16.515048092851682
118.17218011979259
62.658831479556326
102.22637728175509
130.9912658777
24.895246168760153
120.21848519946401
102.70915789823954
241.65982277372106
20.511629195833255
120.28491734525758
139.37908930211466
40.31450692347793
80.5616990494819
61.51956340204516
10.518770109969752
334.49101940095636
85.69697533492264
119.4278542008062
163.396818920332
129.25749787058837
31.06421473340363
225.78460502153283
203.83757717974277
143.24217054776219
26.966981583233387
125.55260919456273
999.4995649604821
142.80818141029368
246.60926384533508
221.70339489855587
61.99059649377385
8.010242776396721
20.531951335311813
39.840399242819124
47.71714506986586
75.60557841639815
148.99247595902702
62.00669724673617
52.276365212920254
174.89294623614788
39.430812207314894
20.120361120024775
324.6339173982446
35.61004911158551
111.81759384120357
72.74548136441727
16.593753883871713
13.109217273903905
414.1086356535847
108.7731083150361
27.821182802912563
334.6998362432205
75.09282817158466
26.796253473397808
82.2183474947603
51.34505851838147
33.823432616512726
24.307301131446465
35.52657883384792
137.70078161807118
36.23455905092744
33.49104603648458
170.62096105427796
27.19165173894313
40.36311582624262
25.133133666820335
62.47160418940268
194.34609253998659
23.959736909829708
171.40580694545778
116.12348386154197
102.0873811293614
14.975387729118532
24.385506292853762
15.075436534140838
49.65431612091772
106.81871616131819
37.51235701087372
59.6355388460326
37.63035830397736
28.277434243551735
182.64602697985117
14.578074757716927
69.24001726811034
11.977761679724262
88.17613996395842
41.65053711171151
18.374911283524227
18.724658008886973
59.36214524854347
54.47486900782195
136.88853768060815
47.40571097164136
