147.14919824162808
160.24294698592533
16.297091559670314
25.219918233326514
113.59895576139331
53.62971773093448
282.37417303022704
22.172755076048958
42.83508769435082
22.468278192039826
118.15671057200908
29.82525488216927
20.709718620215703
8.466982741376528
312.97059741896646
182.20167461650902
112.70571214500374
122.2102977693052
29.1473069208905
23.321780240955174
50.59865564959101
24.421853710993915
26.64555383609768
16.925284100528295
21.40929616888777
294.7859660372474
33.6388687421789
11.943403389115282
108.59361639945635
21.864442957969857
7.521667950023542
171.0469655671878
85.78306406620459
11.802475954866267
18.941357038485254
29.03136518142162
74.7436119442303
58.98908867008782
153.12283333364138
67.19643492491832
192.7976023347719
19.40745425885724
225.74188449815642
36.8413071658157
181.91364564359796
23.190592534234682
53.703579926083066
83.4343230531675
104.80395059927537
59.32716229897735
18.463621404061143
55.971120077931104
138.2635759827108
63.01357054844325
52.62522295660742
43.80795960288872
171.583291007547
48.5201910716092
27.735296084662913
21.53527322566469
28.040619445738148
158.12595558013516
26.31103767683159
40.20988299722774
89.9190469668299
259.2648118182405
37.14078479222595
309.732858729558
22.847532979251557
39.48627249104271
41.805734939176446
90.59711916717323
1143.8126295829777
39.1973245016993
87.93375626641331
104.75480420361464
23.978945346420346
36.9166377896342
67.91946077119235
26.38185610841897
52.998022900035096
42.45533013917171
165.5068858054045
95.46292676195817
24.57404979318129
17.164713345155295
14.704053236288303
35.82302630429795
36.656541406193035
19.91577565987474
263.1857895127904
132.70299853274298
42.0580507899697
163.49034599013007
99.13654704383605
28.518085290515447
124.01359464484877
114.3812839466727
83.31072206645428
30.42135567980744
20.364321339836273
16.501795470614603
15.93205059218487
11.682895679337317
95.4877111417986
24.73833549838438
45.73734941263184
9.22257262144919
23.262338652668372
18.684767715672958
13.506936487343822
73.56739572195252
86.20781105820693
163.85637660136635
210.93958849862435
45.19088368438464
178.75226885283382
25.609134132137143
9.295138103662726
4.070944876178886
20.044043245133633
33.35426507890534
15.936346922174756
32.42044210264833
35.450802203139006
55.54512954089011
20.926749993421254
57.16724051432291
47.85023713913065
31.935087052997968
11.681370177853077
79.06200460002681
14.891108120769047
25.59982733504903
18.55402854262571
91.52695834657075
38.4827632599802
66.08078820821218
29.92371073532568
