245.6026784159477
154.23633744270748
26.154304509645176
14.444557533910737
19.104676783548257
33.84385774285829
324.35101392834633
54.770287044723545
25.178142887844196
13.671693276767405
125.50813286096367
9.141617519466628
15.070267496444067
14.190496151417808
317.3532753137162
137.35817618620123
129.60484555920254
204.85575771462968
8.140585015942232
12.471561409380794
36.25810566907236
16.738319472393798
30.367694231672264
23.245258489498788
17.448782696659418
17.182366375920438
19.00350219239022
7.653622075109637
147.4148329889937
42.65005271049768
26.3899197572006
175.43586251327017
121.45534728192325
14.254841708935672
20.592832422181214
17.079160324753733
33.54912720877342
110.44729529181076
124.3600121472058
53.41013971985463
83.054104487022
41.353350692708204
277.09732531866314
42.211917508016406
23.73753682957218
8.984225475617967
24.969894388731777
56.28726887333435
194.40576039749993
109.05293295881901
71.75065302549163
91.51505381872032
108.45121962955511
84.44511823053381
43.542257044108005
87.61836247013312
127.75950676875351
28.3407708891315
67.88460691626963
20.321910396319954
40.96970477492783
205.6115624456382
28.68182848455572
208.09804379976944
25.975457799264497
190.03120863960615
53.32945024213258
146.0671644225133
23.496278851272425
46.006432412017375
32.2129487883185
97.88313426361289
1343.04045541888
176.93772394740662
30.529983040118186
50.33362973076131
30.973288490599924
23.382555682540513
47.38249324395431
19.312483624342946
20.134817405249326
25.131498245333137
142.18990259620526
38.111584207698705
107.39385830382889
27.100360515239483
13.138225239454478
51.475309048716696
31.511397949960088
24.604115090778897
31.22818502806911
46.806102864066645
17.048300483529864
107.56405780833332
323.8054082580287
17.371061680280597
37.05548951356013
109.34515445532112
10.31780647158288
34.384431232433094
10.586434242775375
16.371268003813956
17.82215896945464
30.11966639130458
44.546488344271886
34.1303703278036
16.184469760249904
35.18067790012458
57.92341844665383
22.96883425484488
37.88967626648446
21.251658457552296
53.86156009245686
114.77193223780304
43.229418350748695
126.17095234576745
23.229341152667555
17.04815196668528
6.111970339028891
40.84417430992445
27.620621519969323
16.96132436049811
15.58175358268511
92.09239870219294
72.6619717038949
44.79358380537632
16.23432744628426
6.830460683488336
42.80629547985114
15.98427957264061
21.563967925836874
12.372677921426138
34.704866709813146
20.19488307963214
41.66676771561542
51.473703646641475
71.84999891083685
46.05227056998127
46.65470484462876
