192.99816971758858
43.16055344514085
28.357444727737903
67.9217919129504
34.20757413656658
45.452994542791
292.8830928674077
31.51515056285297
68.05314154451062
38.19038630831339
153.18048936683243
25.717954978178774
38.12121553970246
24.86366337068837
276.88455592102224
161.72442723110254
247.45511771441872
296.65068488451095
23.82512550144183
34.52958111152376
19.70639098741214
41.5455775273769
169.1519076482244
281.02486806840506
23.833202451283135
302.15484391894387
24.579766526043095
216.6696382312555
293.20079689759206
21.826670234730845
11.497219814548375
270.68423625254314
313.47321469627167
24.20218562019963
38.3203685131183
49.29990575519504
131.48344371595695
69.10818610632667
281.34371216216334
137.1803369340124
96.45968345561687
112.35207845982717
245.80741185691508
61.47805367929027
36.413017469884636
22.22304193575188
71.118345616039
38.211619336467976
35.704190931049965
144.34698936083416
26.96013291592386
35.22093169066311
71.21017834507252
268.77923614539804
47.65209573665412
277.66767997762804
221.037167813403
16.374136302529706
31.92256588258424
93.5869125713291
26.72240016447258
73.64694261541587
72.46589323226623
49.11389082336841
305.8967384797372
342.34894075179886
106.48039840681795
318.77128847561255
74.68526756564556
62.547969393376356
90.87611249303393
82.35202885992555
562.1525878355427
83.33788198998975
130.0135752447152
356.4580004036368
33.37928383987484
19.54935071301204
37.09940345935723
57.84476587668004
15.523781538932415
170.6820307196961
239.07310744774264
41.938110677967714
148.72333558281437
26.13228405057924
35.739171497877635
33.624437445477504
47.64430678814136
77.46705296929125
358.8337443068964
201.0406719525814
51.111349460613
334.0817994769869
267.608731976301
18.464681475306687
161.81334674720418
326.7598185924455
56.52953331929117
337.81147763448763
50.282210492403195
66.28504458129865
13.887905004877187
33.89019888554027
11.666869356878191
24.0679728898346
29.67688307341985
25.16004091422288
57.71762411861505
47.155507227217846
29.784059459545944
38.46203892853393
74.54858288908135
281.2909124867862
285.4979111813496
343.13325738760375
301.28415940816325
54.92664607806414
29.96778769073044
121.02020819844913
45.5124757137462
32.812461760858476
41.37548040381578
53.38642304537453
50.40362071644067
126.07994796291274
82.18890321707819
20.422005202567505
28.633694665118554
33.57745439657884
23.116489691090557
57.711886595438834
18.461913905772157
17.97551214358244
117.74587156824681
59.912586217618504
38.92335444049191
61.735819860919406
144.4442373849754
