145.51741474990465
121.45939337774217
30.097157916799546
66.66347487419222
22.44725566942208
54.20443792314972
260.12089708123057
41.833443017416045
50.122455606519985
23.442724120210876
113.82673515834603
34.624010601150076
63.067904799702056
44.975036204497194
113.36094624362939
82.68026910826275
109.05568942372695
159.88875449573572
13.154248438452381
14.206569072015146
9.453717518138317
31.353730533677606
98.51134877342975
93.79520361540288
29.950056501174767
154.0670442229945
49.20130338652191
77.4996321022808
113.66201296106783
13.727257390966603
11.1115558751741
243.0938038609384
115.48681582496485
23.806563496073995
17.92514752124672
19.41947250628231
57.08631733750731
36.59042114110887
371.45378146050706
99.7443276038906
40.88837501828639
159.17951019412985
159.46304534154646
116.77488529247722
33.17669145093258
37.27748266395644
38.79331811115424
89.98454454874825
36.70430719064062
122.45073292455547
36.573231595096566
18.969473485944373
142.06871108207346
239.91709783732554
73.56134760157616
157.9605734176676
65.27376370018426
44.86973220218389
71.89516825447481
135.51676484113065
20.266647696153303
55.31409930571058
33.7515310120276
25.959326569221705
115.13008795309695
294.2419807472896
56.133886717909945
107.8701608454009
22.339752871334476
47.11800717534912
34.660256023163804
138.77231111760392
1685.7822412326448
24.058525979090653
124.21846236074603
128.57065544102286
30.455196531547664
11.915042040256504
43.447103757528396
45.40078566277101
15.306433098083597
140.01186837298619
106.94098579197765
127.99078300784343
68.03821846383994
96.46165242939297
22.52480116824097
28.860155600143543
18.450475822319515
25.809696829728324
92.6472377331614
223.20654184755494
35.67461078234463
214.43645151977475
138.20319549169113
7.910140383316272
260.06677724966426
149.56113250891377
83.01394388985139
102.743516726456
29.939662026194735
55.66356357437487
12.63873213405029
21.57368080855991
28.122168448648935
30.778047936353822
16.62212667192135
27.03404748514527
72.49037359890279
43.10373873539178
24.677407548619655
46.28417680781834
29.592492778803393
136.3208785571957
185.6189714444267
237.84951722563096
86.35443935659377
41.948102584527604
14.182265127114599
76.54946898973783
18.345479999480393
30.141866312124783
20.373800388957914
27.32099350073236
28.830435886323524
47.94983656819046
119.61959459876469
33.824924441087866
58.94999938311311
27.450250895809916
8.29564393681928
46.43355014092126
7.912048645134276
27.27395239298687
74.44996516626368
76.80774084208622
43.933415186153596
79.00522826403335
165.92360276927118
