313.6537188248121
121.48067301734395
43.84091299167573
43.39259160669845
22.685131712260016
34.50042808035149
63.24894328138636
28.545007980035585
26.66164129959827
59.1544748280361
158.33075204072918
36.16968078116516
47.07848980805954
26.99387492240696
43.09354338840258
300.3959895889113
227.38216104549727
171.33647079554237
73.38248785246617
31.72798563620412
31.99268870207706
105.31198933459638
74.85646875750965
131.71977139331887
21.85112512987061
211.41344894385253
41.24619470619718
185.72581952316276
275.0691571108349
29.12284669751232
15.175506727064555
55.58503012793579
17.15471335158751
25.83419577146863
38.25201072173747
61.705045909018786
32.83794357091931
369.2897070784758
56.31795747688678
29.17044011085116
66.79338860207487
28.336890932991775
204.09613291137856
21.406517510735693
67.078311297428
29.197105521998218
41.56325259552269
33.51595343045897
67.89169848120443
148.94086826146537
38.777204811828845
44.91221634268691
158.55888821309543
236.99789360271194
37.778149501327476
23.084923667544313
67.73028684843781
45.591099285232666
44.475871236274024
23.97141776283929
34.46100197168948
107.96596347879209
83.0455014990045
41.41151918686508
366.5813904614081
79.17866235752261
74.60059277102992
228.4933348590015
74.94617623313287
47.38243849578634
74.65087444369235
46.07318873907241
485.4590350899187
129.24563786641127
31.98215641486083
191.50067234172158
44.390903971100855
33.746465572424725
44.99505334505847
20.975512682916225
16.058090295377678
84.10924915002681
193.66225152030955
29.692871609452013
49.17883022279847
52.44666826966407
86.98857333841497
16.718728458968492
159.7233846209843
28.35459807348738
46.03736063738211
139.37063543828555
27.010904694505776
90.48429419654077
133.31394425121488
33.62309122270723
132.66946666137864
25.33700298685691
39.70136802385566
45.35724629417595
48.231072943456304
60.13692088201032
27.051704464728278
39.32593447197154
15.801680384604007
20.53771436161253
32.49941271995607
18.479250981486555
25.768668622646803
41.034255659394454
38.135467390270485
54.5767109645985
64.55644237993901
103.03627737365012
57.887052412007414
29.987610377898225
88.39595493248946
48.37066225099832
27.116981254930344
49.246084415217915
23.090082460752555
23.766916126202318
26.24050803365487
47.09874669001641
37.94148885112135
40.2069690155096
129.5272544957213
84.74389267584114
54.429216234024295
34.756389607934345
177.98265133378698
42.71905884048479
37.07649245863557
23.600801513156313
26.99448919420443
16.77459396168977
38.55116319247196
73.96031624040792
21.75841381120426
