78.72526187820299
81.37606208532671
15.78682518287216
24.19337271612839
12.416177433686205
33.69107133006643
44.738336523214734
22.46871338687095
22.59097765095312
22.633970932791627
30.38847724753059
15.611669073037612
22.68274886878322
18.783633588313872
22.714467763087185
232.7516039358373
225.02112347644868
313.87625203606393
27.570346835639267
33.71180017016668
8.593775271145525
42.248022289915504
15.842358520963684
20.891799538207046
21.8339162885422
25.356749057279515
22.977477186185478
34.7541555173275
35.51248255540052
25.896287350736216
12.160632825535268
38.732537751667195
20.858785484097808
18.248885669405873
25.932112711114602
44.179609073639135
28.227630326199204
33.78497903526899
197.3442239255971
19.10384031498374
39.19102090853509
17.806334511964003
46.81256254248618
22.393097415831342
26.79560611914251
30.16509881958553
16.33515397039622
41.5578469682771
40.881814574052626
76.02490588047264
38.14195511268396
62.75942028484031
27.766462427005376
250.75521913370926
32.15306371883767
19.75315579459587
39.851359282513705
15.873752478050031
25.542054215887383
16.309663237510836
34.82703470127681
42.753232336503885
61.918617078384706
66.03894112444276
126.71589940318681
257.85108474195505
67.43974078008479
196.95211180185208
68.45531435880737
66.6195800572312
70.18644517476143
69.42576954719965
564.588601209098
77.92685325601731
23.39954709067141
38.31270813162737
26.587735410822518
19.896004630371632
19.40467412452067
18.129673731524427
13.325127842365214
19.74488431833734
19.732774260752123
29.301932427220354
18.210119845000985
21.255905217038734
28.256663910275048
19.550442882318706
60.87872331503069
40.5196036718067
48.87636296986542
14.404858249092468
28.31349259485794
83.19664792140033
79.48623933932816
13.86673042633203
36.71407212081335
244.71755784247284
14.691796657118887
53.070427832545725
31.732096676303957
23.73092538497624
23.27070941205093
23.39343721981328
20.501960205199786
34.54159316826093
50.533086508447106
35.17942038846179
13.497910019670094
40.372551856318886
23.668089857022895
20.507277618790326
24.196668491569817
67.1111665702447
42.040084150276456
259.25186949344754
57.62715706837717
42.32976361754578
27.927952568255286
18.19004495083156
17.089133398235337
11.389613012241844
12.554829154950792
52.63805611180608
66.48875377998998
50.08491622143888
64.59705424295532
36.16588367491526
26.86477878122975
22.62317729439023
20.870103659866366
22.908878433586207
20.73220808790209
13.73694204644942
47.51824972827085
27.705385357365508
10.266618161769516
57.53021030631546
36.97485879938719
