363.7717900645448
102.06815324733995
48.04667486455144
75.64398566894732
35.72796935720053
62.07645618306843
192.51351110277582
24.57563587668498
81.95507715016126
70.0016484163627
71.65821537556792
67.52304797275913
26.897120789632076
119.06171329059318
33.180152711577776
413.1626654945339
187.34039125299398
185.79724456832398
47.91470567648489
23.51038281138445
35.99529033303401
79.62734110690941
165.49009032866775
85.96874513709699
52.17507377776988
144.39878785827648
69.60553875833213
235.449851081097
148.73114967213795
25.739074534168005
20.696703247744882
54.76326885411729
36.69731198088658
29.74249458948448
18.433978319045433
32.97647056311201
28.842991118030394
184.7730259410309
33.41134688452541
72.2290133093974
135.1680287673509
57.314496626046385
202.19072135295542
46.753187807492196
54.866213779745365
44.591284680186114
27.386328519061955
53.25907669104992
150.1210056501391
142.5287530473114
18.690657307524496
24.014400282752426
292.61872908856265
148.765369443861
70.24643687895453
52.20621163527553
36.228102152271155
18.18966602588548
38.76964920951246
14.321774636631696
15.404573285838504
76.94785795676631
134.6381354150378
18.592296036605614
454.59503569725257
55.89281051395554
54.41431210170375
137.72668942669856
76.87228034371778
19.704039485076972
37.132831690855795
37.679846502098805
1206.7054372564062
112.06181950595919
63.00350390888342
228.30350346572536
37.06172305058296
15.356754657388796
37.78675223203808
16.09598872766334
37.05552844646452
148.28102781451764
122.26017981000606
16.757892893099733
143.74038248128446
69.54861881561469
117.27351062387747
32.34365444061577
59.118279174813956
15.933122286765892
13.8032568784712
86.30691813404641
89.8121486656487
89.18642356112646
486.5859189805568
41.94093630955323
438.8395233931378
13.64442227269376
62.006790966353925
101.66688110297952
56.74686053028371
61.21787780720076
21.111093960957188
26.712073014946302
45.17183245740621
6.667595549391215
16.592248224855272
60.700626098504124
21.32719241489193
31.374372312840954
16.473627834789486
67.43689255940654
39.97119684901833
99.24145379681879
23.273788263530083
48.59192727416884
28.74682790915225
19.187163749222375
50.59614723150078
28.60246594838817
20.843939042843687
77.34750144259314
20.3911236345874
25.378479057630656
43.09321135654045
32.910885833734405
134.44202232769862
31.551309098699384
21.346113259845684
61.34414990785943
179.44703639590725
48.731983327279735
53.49814652358485
37.300331424812555
11.345804559108155
45.54498446020143
13.913588880941905
67.75234250287839
54.17265692586114
