399.3685601818173
400.40425919468885
53.582221185809516
22.57808160453307
31.875319529410397
44.11128843696374
98.77094716768059
50.715462292382405
36.34215551328851
24.5660267973586
17.635135570917942
21.470459630496897
26.335662957342613
57.088206491771274
35.53297635763462
84.7778952133534
202.1354055552006
246.03138625045787
11.55461684644641
19.62010662658943
12.757545138363904
39.76108793132121
109.5172325482528
35.99830329168673
8.524093638595382
11.103291142897362
14.804748315478637
12.446531026519652
37.56479406728279
12.773391340624423
47.14448712781958
60.52091166024861
45.635576103774426
15.173748044089791
22.49960576756083
20.26867673606346
13.493849662769284
26.451963935246777
289.6633576347824
51.411790145722435
110.92718004707278
13.187274455808877
105.03851315049644
8.835504599730248
35.61551775585549
19.461804504718735
49.68456071678941
30.42296908560367
56.8300385807082
72.26568873129874
25.078454169578205
93.47037352045295
34.537371408096895
247.07566325974275
32.279131511926785
15.726296095919638
23.84406540830251
30.01361112935754
22.66420168119121
7.583429525993893
63.23089120808674
48.90024569157353
75.54964492561709
35.15693626018808
215.3838355965294
148.8976499149688
82.88899574288438
370.91192336872683
42.53519775065424
37.11958333226295
25.64164281742137
57.10892883135922
983.0972715348636
48.652507127078444
20.23436842700119
31.945138637554496
10.86068443007928
50.412350137490854
24.770808590277287
21.331817001836967
24.077409947112102
34.86442851658621
8.27680673933602
24.38552320009471
51.747867537788935
8.752237779155415
87.00979795858596
41.759349205644
93.41078168116219
22.12984202840385
14.426656329654062
32.74832194161718
19.600677421032586
119.38133058412409
688.5668175050944
31.62380784111118
14.88741331415951
302.5316990355783
14.252789351906962
38.82744193080858
14.508397786837149
35.373980510447666
10.101599443276486
14.43840937618895
39.10891905100504
52.578927051081045
28.831033444145532
29.77523580165654
25.546846247840005
68.50427476925898
29.42870309776916
49.27954979182886
52.64651839460225
72.63771529561612
46.95186689947099
161.10203501901137
36.30347434017939
54.68884473409069
13.1958504854963
30.23500978345294
12.642683952694407
7.632481891138541
13.64440075242209
20.200980857544955
85.51969653766572
54.912923587327995
88.9448734005092
22.59439975464524
52.41585372051857
17.72045810127049
18.51345779633235
49.36611256831513
30.191248556915603
65.94656968062797
25.56330131140356
65.95813448129444
20.076139102525204
71.46277303345283
42.22383900327733
